-3.01508497,  0.00 
-3.01491136, -0.01 
-3.01473775, -0.00 
-3.01456414, -0.01 
-3.01439053, -0.01 
-3.01421692, -0.02 
-3.01404331, -0.02 
-3.01386970, -0.03 
-3.01369609, -0.02 
-3.01352248, -0.03 
-3.01334887, -0.03 
-3.01317526, -0.03 
-3.01300165, -0.05 
-3.01282804, -0.06 
-3.01265443, -0.05 
-3.01248082, -0.05 
-3.01230721, -0.06 
-3.01213360, -0.06 
-3.01195999, -0.07 
-3.01178638, -0.07 
-3.01161277, -0.07 
-3.01143916, -0.08 
-3.01126555, -0.07 
-3.01109194, -0.08 
-3.01091833, -0.08 
-3.01074472, -0.08 
-3.01057111, -0.10 
-3.01039750, -0.09 
-3.01022389, -0.11 
-3.01005028, -0.10 
-3.00987667, -0.10 
-3.00970306, -0.10 
-3.00952945, -0.11 
-3.00935584, -0.11 
-3.00918223, -0.12 
-3.00900862, -0.12 
-3.00883501, -0.12 
-3.00866140, -0.13 
-3.00848779, -0.13 
-3.00831418, -0.14 
-3.00814057, -0.15 
-3.00796696, -0.15 
-3.00779335, -0.15 
-3.00761974, -0.15 
-3.00744613, -0.15 
-3.00727252, -0.15 
-3.00709891, -0.16 
-3.00692530, -0.16 
-3.00675169, -0.16 
-3.00657808, -0.17 
-3.00640447, -0.17 
-3.00623086, -0.17 
-3.00605725, -0.18 
-3.00588364, -0.19 
-3.00571003, -0.19 
-3.00553642, -0.19 
-3.00536281, -0.19 
-3.00518920, -0.20 
-3.00501559, -0.21 
-3.00484198, -0.20 
-3.00466837, -0.22 
-3.00449476, -0.21 
-3.00432115, -0.22 
-3.00414754, -0.21 
-3.00397393, -0.22 
-3.00380032, -0.23 
-3.00362671, -0.23 
-3.00345310, -0.23 
-3.00327949, -0.24 
-3.00310588, -0.25 
-3.00293227, -0.24 
-3.00275866, -0.25 
-3.00258505, -0.25 
-3.00241144, -0.25 
-3.00223783, -0.26 
-3.00206422, -0.26 
-3.00189061, -0.27 
-3.00171700, -0.27 
-3.00154339, -0.28 
-3.00136978, -0.27 
-3.00119617, -0.28 
-3.00102256, -0.29 
-3.00084895, -0.29 
-3.00067534, -0.29 
-3.00050173, -0.29 
-3.00032812, -0.29 
-3.00015451, -0.30 
-2.99998090, -0.30 
-2.99980729, -0.31 
-2.99963368, -0.31 
-2.99946007, -0.31 
-2.99928646, -0.32 
-2.99911285, -0.32 
-2.99893924, -0.33 
-2.99876563, -0.34 
-2.99859202, -0.33 
-2.99841841, -0.33 
-2.99824480, -0.33 
-2.99807119, -0.34 
-2.99789758, -0.34 
-2.99772397, -0.35 
-2.99755036, -0.35 
-2.99737675, -0.35 
-2.99720314, -0.37 
-2.99702953, -0.36 
-2.99685592, -0.36 
-2.99668231, -0.37 
-2.99650870, -0.38 
-2.99633509, -0.37 
-2.99616148, -0.38 
-2.99598787, -0.38 
-2.99581426, -0.38 
-2.99564065, -0.39 
-2.99546704, -0.39 
-2.99529343, -0.39 
-2.99511982, -0.40 
-2.99494621, -0.41 
-2.99477260, -0.40 
-2.99459899, -0.41 
-2.99442538, -0.41 
-2.99425177, -0.42 
-2.99407816, -0.41 
-2.99390455, -0.42 
-2.99373094, -0.42 
-2.99355733, -0.43 
-2.99338372, -0.43 
-2.99321011, -0.44 
-2.99303650, -0.43 
-2.99286289, -0.43 
-2.99268928, -0.45 
-2.99251567, -0.44 
-2.99234206, -0.46 
-2.99216845, -0.46 
-2.99199484, -0.46 
-2.99182123, -0.46 
-2.99164762, -0.47 
-2.99147401, -0.47 
-2.99130040, -0.47 
-2.99112679, -0.48 
-2.99095318, -0.48 
-2.99077957, -0.48 
-2.99060596, -0.49 
-2.99043235, -0.49 
-2.99025874, -0.48 
-2.99008513, -0.50 
-2.98991152, -0.50 
-2.98973791, -0.50 
-2.98956430, -0.51 
-2.98939069, -0.51 
-2.98921708, -0.52 
-2.98904347, -0.52 
-2.98886986, -0.51 
-2.98869625, -0.52 
-2.98852264, -0.53 
-2.98834903, -0.53 
-2.98817542, -0.53 
-2.98800181, -0.53 
-2.98782820, -0.53 
-2.98765459, -0.54 
-2.98748098, -0.55 
-2.98730737, -0.55 
-2.98713376, -0.55 
-2.98696015, -0.55 
-2.98678654, -0.55 
-2.98661293, -0.56 
-2.98643932, -0.56 
-2.98626571, -0.57 
-2.98609210, -0.57 
-2.98591849, -0.57 
-2.98574488, -0.58 
-2.98557127, -0.58 
-2.98539766, -0.58 
-2.98522405, -0.59 
-2.98505044, -0.59 
-2.98487683, -0.60 
-2.98470322, -0.60 
-2.98452961, -0.60 
-2.98435600, -0.60 
-2.98418239, -0.62 
-2.98400878, -0.61 
-2.98383517, -0.60 
-2.98366156, -0.62 
-2.98348795, -0.62 
-2.98331434, -0.62 
-2.98314073, -0.62 
-2.98296712, -0.62 
-2.98279351, -0.64 
-2.98261990, -0.63 
-2.98244629, -0.64 
-2.98227268, -0.63 
-2.98209907, -0.64 
-2.98192546, -0.65 
-2.98175185, -0.65 
-2.98157824, -0.65 
-2.98140463, -0.66 
-2.98123102, -0.66 
-2.98105741, -0.66 
-2.98088380, -0.67 
-2.98071019, -0.66 
-2.98053658, -0.68 
-2.98036297, -0.67 
-2.98018936, -0.68 
-2.98001575, -0.68 
-2.97984214, -0.68 
-2.97966853, -0.69 
-2.97949492, -0.70 
-2.97932131, -0.69 
-2.97914770, -0.70 
-2.97897409, -0.71 
-2.97880048, -0.70 
-2.97862687, -0.71 
-2.97845326, -0.71 
-2.97827965, -0.71 
-2.97810604, -0.71 
-2.97793243, -0.72 
-2.97775882, -0.72 
-2.97758521, -0.73 
-2.97741160, -0.73 
-2.97723799, -0.74 
-2.97706438, -0.74 
-2.97689077, -0.74 
-2.97671716, -0.74 
-2.97654355, -0.74 
-2.97636994, -0.75 
-2.97619633, -0.75 
-2.97602272, -0.75 
-2.97584911, -0.76 
-2.97567550, -0.76 
-2.97550189, -0.77 
-2.97532828, -0.77 
-2.97515467, -0.77 
-2.97498106, -0.77 
-2.97480745, -0.79 
-2.97463384, -0.77 
-2.97446023, -0.79 
-2.97428662, -0.80 
-2.97411301, -0.79 
-2.97393940, -0.80 
-2.97376579, -0.79 
-2.97359218, -0.79 
-2.97341857, -0.80 
-2.97324496, -0.81 
-2.97307135, -0.81 
-2.97289774, -0.81 
-2.97272413, -0.82 
-2.97255052, -0.81 
-2.97237691, -0.82 
-2.97220330, -0.82 
-2.97202969, -0.83 
-2.97185608, -0.83 
-2.97168247, -0.83 
-2.97150886, -0.83 
-2.97133525, -0.83 
-2.97116164, -0.84 
-2.97098803, -0.85 
-2.97081442, -0.84 
-2.97064081, -0.86 
-2.97046720, -0.85 
-2.97029359, -0.86 
-2.97011998, -0.86 
-2.96994637, -0.86 
-2.96977276, -0.86 
-2.96959915, -0.87 
-2.96942554, -0.87 
-2.96925193, -0.87 
-2.96907832, -0.88 
-2.96890471, -0.88 
-2.96873110, -0.88 
-2.96855749, -0.88 
-2.96838388, -0.88 
-2.96821027, -0.89 
-2.96803666, -0.89 
-2.96786305, -0.91 
-2.96768944, -0.89 
-2.96751583, -0.91 
-2.96734222, -0.91 
-2.96716861, -0.91 
-2.96699500, -0.91 
-2.96682139, -0.91 
-2.96664778, -0.92 
-2.96647417, -0.91 
-2.96630056, -0.92 
-2.96612695, -0.92 
-2.96595334, -0.93 
-2.96577973, -0.91 
-2.96560612, -0.93 
-2.96543251, -0.94 
-2.96525890, -0.94 
-2.96508529, -0.93 
-2.96491168, -0.95 
-2.96473807, -0.95 
-2.96456446, -0.95 
-2.96439085, -0.95 
-2.96421724, -0.96 
-2.96404363, -0.96 
-2.96387002, -0.96 
-2.96369641, -0.95 
-2.96352280, -0.97 
-2.96334919, -0.98 
-2.96317558, -0.97 
-2.96300197, -0.97 
-2.96282836, -0.98 
-2.96265475, -0.97 
-2.96248114, -0.98 
-2.96230753, -0.98 
-2.96213392, -0.98 
-2.96196031, -0.99 
-2.96178670, -1.00 
-2.96161309, -1.00 
-2.96143948, -1.00 
-2.96126587, -1.00 
-2.96109226, -1.01 
-2.96091865, -1.00 
-2.96074504, -1.01 
-2.96057143, -1.01 
-2.96039782, -1.02 
-2.96022421, -1.02 
-2.96005060, -1.01 
-2.95987699, -1.03 
-2.95970338, -1.03 
-2.95952977, -1.03 
-2.95935616, -1.03 
-2.95918255, -1.04 
-2.95900894, -1.03 
-2.95883533, -1.05 
-2.95866172, -1.04 
-2.95848811, -1.04 
-2.95831450, -1.05 
-2.95814089, -1.05 
-2.95796728, -1.06 
-2.95779367, -1.06 
-2.95762006, -1.06 
-2.95744645, -1.07 
-2.95727284, -1.07 
-2.95709923, -1.07 
-2.95692562, -1.07 
-2.95675201, -1.07 
-2.95657840, -1.07 
-2.95640479, -1.07 
-2.95623118, -1.08 
-2.95605757, -1.08 
-2.95588396, -1.08 
-2.95571035, -1.09 
-2.95553674, -1.08 
-2.95536313, -1.09 
-2.95518952, -1.10 
-2.95501591, -1.09 
-2.95484230, -1.11 
-2.95466869, -1.10 
-2.95449508, -1.11 
-2.95432147, -1.10 
-2.95414786, -1.10 
-2.95397425, -1.11 
-2.95380064, -1.11 
-2.95362703, -1.12 
-2.95345342, -1.12 
-2.95327981, -1.12 
-2.95310620, -1.13 
-2.95293259, -1.13 
-2.95275898, -1.13 
-2.95258537, -1.13 
-2.95241176, -1.13 
-2.95223815, -1.13 
-2.95206454, -1.14 
-2.95189093, -1.14 
-2.95171732, -1.15 
-2.95154371, -1.14 
-2.95137010, -1.15 
-2.95119649, -1.16 
-2.95102288, -1.14 
-2.95084927, -1.15 
-2.95067566, -1.16 
-2.95050205, -1.16 
-2.95032844, -1.16 
-2.95015483, -1.17 
-2.94998122, -1.16 
-2.94980761, -1.18 
-2.94963400, -1.17 
-2.94946039, -1.17 
-2.94928678, -1.18 
-2.94911317, -1.17 
-2.94893956, -1.18 
-2.94876595, -1.19 
-2.94859234, -1.19 
-2.94841873, -1.18 
-2.94824512, -1.20 
-2.94807151, -1.19 
-2.94789790, -1.19 
-2.94772429, -1.20 
-2.94755068, -1.20 
-2.94737707, -1.20 
-2.94720346, -1.21 
-2.94702985, -1.21 
-2.94685624, -1.21 
-2.94668263, -1.21 
-2.94650902, -1.21 
-2.94633541, -1.22 
-2.94616180, -1.22 
-2.94598819, -1.22 
-2.94581458, -1.22 
-2.94564097, -1.22 
-2.94546736, -1.23 
-2.94529375, -1.23 
-2.94512014, -1.23 
-2.94494653, -1.25 
-2.94477292, -1.23 
-2.94459931, -1.24 
-2.94442570, -1.24 
-2.94425209, -1.25 
-2.94407848, -1.25 
-2.94390487, -1.25 
-2.94373126, -1.25 
-2.94355765, -1.25 
-2.94338404, -1.27 
-2.94321043, -1.26 
-2.94303682, -1.26 
-2.94286321, -1.26 
-2.94268960, -1.27 
-2.94251599, -1.26 
-2.94234238, -1.26 
-2.94216877, -1.26 
-2.94199516, -1.28 
-2.94182155, -1.26 
-2.94164794, -1.28 
-2.94147433, -1.28 
-2.94130072, -1.28 
-2.94112711, -1.29 
-2.94095350, -1.28 
-2.94077989, -1.29 
-2.94060628, -1.29 
-2.94043267, -1.30 
-2.94025906, -1.29 
-2.94008545, -1.30 
-2.93991184, -1.30 
-2.93973823, -1.29 
-2.93956462, -1.30 
-2.93939101, -1.31 
-2.93921740, -1.31 
-2.93904379, -1.31 
-2.93887018, -1.30 
-2.93869657, -1.32 
-2.93852296, -1.31 
-2.93834935, -1.31 
-2.93817574, -1.31 
-2.93800213, -1.32 
-2.93782852, -1.32 
-2.93765491, -1.33 
-2.93748130, -1.33 
-2.93730769, -1.33 
-2.93713408, -1.33 
-2.93696047, -1.33 
-2.93678686, -1.34 
-2.93661325, -1.33 
-2.93643964, -1.34 
-2.93626603, -1.35 
-2.93609242, -1.34 
-2.93591881, -1.34 
-2.93574520, -1.35 
-2.93557159, -1.34 
-2.93539798, -1.35 
-2.93522437, -1.35 
-2.93505076, -1.36 
-2.93487715, -1.36 
-2.93470354, -1.35 
-2.93452993, -1.36 
-2.93435632, -1.36 
-2.93418271, -1.36 
-2.93400910, -1.36 
-2.93383549, -1.36 
-2.93366188, -1.37 
-2.93348827, -1.36 
-2.93331466, -1.37 
-2.93314105, -1.38 
-2.93296744, -1.37 
-2.93279383, -1.37 
-2.93262022, -1.38 
-2.93244661, -1.37 
-2.93227300, -1.38 
-2.93209939, -1.39 
-2.93192578, -1.38 
-2.93175217, -1.38 
-2.93157856, -1.40 
-2.93140495, -1.39 
-2.93123134, -1.39 
-2.93105773, -1.38 
-2.93088412, -1.39 
-2.93071051, -1.41 
-2.93053690, -1.39 
-2.93036329, -1.40 
-2.93018968, -1.41 
-2.93001607, -1.40 
-2.92984246, -1.41 
-2.92966885, -1.41 
-2.92949524, -1.41 
-2.92932163, -1.41 
-2.92914802, -1.42 
-2.92897441, -1.41 
-2.92880080, -1.41 
-2.92862719, -1.42 
-2.92845358, -1.42 
-2.92827997, -1.42 
-2.92810636, -1.41 
-2.92793275, -1.42 
-2.92775914, -1.42 
-2.92758553, -1.42 
-2.92741192, -1.43 
-2.92723831, -1.43 
-2.92706470, -1.42 
-2.92689109, -1.44 
-2.92671748, -1.43 
-2.92654387, -1.44 
-2.92637026, -1.44 
-2.92619665, -1.43 
-2.92602304, -1.44 
-2.92584943, -1.45 
-2.92567582, -1.44 
-2.92550221, -1.46 
-2.92532860, -1.45 
-2.92515499, -1.44 
-2.92498138, -1.45 
-2.92480777, -1.45 
-2.92463416, -1.45 
-2.92446055, -1.46 
-2.92428694, -1.46 
-2.92411333, -1.45 
-2.92393972, -1.46 
-2.92376611, -1.46 
-2.92359250, -1.46 
-2.92341889, -1.47 
-2.92324528, -1.46 
-2.92307167, -1.47 
-2.92289806, -1.46 
-2.92272445, -1.47 
-2.92255084, -1.46 
-2.92237723, -1.47 
-2.92220362, -1.47 
-2.92203001, -1.47 
-2.92185640, -1.48 
-2.92168279, -1.47 
-2.92150918, -1.47 
-2.92133557, -1.48 
-2.92116196, -1.48 
-2.92098835, -1.47 
-2.92081474, -1.49 
-2.92064113, -1.49 
-2.92046752, -1.48 
-2.92029391, -1.48 
-2.92012030, -1.49 
-2.91994669, -1.48 
-2.91977308, -1.48 
-2.91959947, -1.49 
-2.91942586, -1.49 
-2.91925225, -1.49 
-2.91907864, -1.49 
-2.91890503, -1.50 
-2.91873142, -1.49 
-2.91855781, -1.50 
-2.91838420, -1.50 
-2.91821059, -1.50 
-2.91803698, -1.50 
-2.91786337, -1.50 
-2.91768976, -1.51 
-2.91751615, -1.50 
-2.91734254, -1.51 
-2.91716893, -1.52 
-2.91699532, -1.51 
-2.91682171, -1.51 
-2.91664810, -1.51 
-2.91647449, -1.51 
-2.91630088, -1.52 
-2.91612727, -1.52 
-2.91595366, -1.52 
-2.91578005, -1.52 
-2.91560644, -1.51 
-2.91543283, -1.53 
-2.91525922, -1.53 
-2.91508561, -1.53 
-2.91491200, -1.52 
-2.91473839, -1.53 
-2.91456478, -1.52 
-2.91439117, -1.52 
-2.91421756, -1.53 
-2.91404395, -1.53 
-2.91387034, -1.53 
-2.91369673, -1.53 
-2.91352312, -1.53 
-2.91334951, -1.52 
-2.91317590, -1.53 
-2.91300229, -1.53 
-2.91282868, -1.53 
-2.91265507, -1.54 
-2.91248146, -1.54 
-2.91230785, -1.54 
-2.91213424, -1.55 
-2.91196063, -1.55 
-2.91178702, -1.55 
-2.91161341, -1.53 
-2.91143980, -1.54 
-2.91126619, -1.55 
-2.91109258, -1.54 
-2.91091897, -1.55 
-2.91074536, -1.54 
-2.91057175, -1.55 
-2.91039814, -1.56 
-2.91022453, -1.55 
-2.91005092, -1.54 
-2.90987731, -1.55 
-2.90970370, -1.55 
-2.90953009, -1.56 
-2.90935648, -1.55 
-2.90918287, -1.56 
-2.90900926, -1.55 
-2.90883565, -1.56 
-2.90866204, -1.56 
-2.90848843, -1.56 
-2.90831482, -1.56 
-2.90814121, -1.56 
-2.90796760, -1.57 
-2.90779399, -1.56 
-2.90762038, -1.56 
-2.90744677, -1.57 
-2.90727316, -1.57 
-2.90709955, -1.56 
-2.90692594, -1.56 
-2.90675233, -1.57 
-2.90657872, -1.57 
-2.90640511, -1.57 
-2.90623150, -1.58 
-2.90605789, -1.57 
-2.90588428, -1.57 
-2.90571067, -1.57 
-2.90553706, -1.57 
-2.90536345, -1.57 
-2.90518984, -1.57 
-2.90501623, -1.57 
-2.90484262, -1.58 
-2.90466901, -1.57 
-2.90449540, -1.58 
-2.90432179, -1.57 
-2.90414818, -1.57 
-2.90397457, -1.56 
-2.90380096, -1.57 
-2.90362735, -1.58 
-2.90345374, -1.57 
-2.90328013, -1.58 
-2.90310652, -1.58 
-2.90293291, -1.58 
-2.90275930, -1.58 
-2.90258569, -1.59 
-2.90241208, -1.58 
-2.90223847, -1.57 
-2.90206486, -1.58 
-2.90189125, -1.59 
-2.90171764, -1.59 
-2.90154403, -1.58 
-2.90137042, -1.58 
-2.90119681, -1.58 
-2.90102320, -1.59 
-2.90084959, -1.59 
-2.90067598, -1.58 
-2.90050237, -1.57 
-2.90032876, -1.58 
-2.90015515, -1.59 
-2.89998154, -1.58 
-2.89980793, -1.57 
-2.89963432, -1.58 
-2.89946071, -1.59 
-2.89928710, -1.59 
-2.89911349, -1.59 
-2.89893988, -1.59 
-2.89876627, -1.59 
-2.89859266, -1.60 
-2.89841905, -1.60 
-2.89824544, -1.60 
-2.89807183, -1.60 
-2.89789822, -1.60 
-2.89772461, -1.59 
-2.89755100, -1.59 
-2.89737739, -1.59 
-2.89720378, -1.60 
-2.89703017, -1.60 
-2.89685656, -1.60 
-2.89668295, -1.60 
-2.89650934, -1.59 
-2.89633573, -1.59 
-2.89616212, -1.60 
-2.89598851, -1.59 
-2.89581490, -1.60 
-2.89564129, -1.60 
-2.89546768, -1.60 
-2.89529407, -1.59 
-2.89512046, -1.60 
-2.89494685, -1.59 
-2.89477324, -1.60 
-2.89459963, -1.59 
-2.89442602, -1.60 
-2.89425241, -1.60 
-2.89407880, -1.60 
-2.89390519, -1.59 
-2.89373158, -1.59 
-2.89355797, -1.59 
-2.89338436, -1.60 
-2.89321075, -1.60 
-2.89303714, -1.60 
-2.89286353, -1.60 
-2.89268992, -1.60 
-2.89251631, -1.60 
-2.89234270, -1.60 
-2.89216909, -1.59 
-2.89199548, -1.61 
-2.89182187, -1.60 
-2.89164826, -1.60 
-2.89147465, -1.61 
-2.89130104, -1.60 
-2.89112743, -1.60 
-2.89095382, -1.60 
-2.89078021, -1.60 
-2.89060660, -1.60 
-2.89043299, -1.59 
-2.89025938, -1.60 
-2.89008577, -1.60 
-2.88991216, -1.60 
-2.88973855, -1.60 
-2.88956494, -1.60 
-2.88939133, -1.60 
-2.88921772, -1.59 
-2.88904411, -1.60 
-2.88887050, -1.59 
-2.88869689, -1.59 
-2.88852328, -1.60 
-2.88834967, -1.60 
-2.88817606, -1.61 
-2.88800245, -1.60 
-2.88782884, -1.61 
-2.88765523, -1.60 
-2.88748162, -1.61 
-2.88730801, -1.60 
-2.88713440, -1.60 
-2.88696079, -1.60 
-2.88678718, -1.61 
-2.88661357, -1.60 
-2.88643996, -1.61 
-2.88626635, -1.60 
-2.88609274, -1.59 
-2.88591913, -1.60 
-2.88574552, -1.61 
-2.88557191, -1.59 
-2.88539830, -1.60 
-2.88522469, -1.60 
-2.88505108, -1.60 
-2.88487747, -1.59 
-2.88470386, -1.59 
-2.88453025, -1.59 
-2.88435664, -1.59 
-2.88418303, -1.60 
-2.88400942, -1.59 
-2.88383581, -1.60 
-2.88366220, -1.60 
-2.88348859, -1.59 
-2.88331498, -1.60 
-2.88314137, -1.61 
-2.88296776, -1.59 
-2.88279415, -1.59 
-2.88262054, -1.59 
-2.88244693, -1.60 
-2.88227332, -1.60 
-2.88209971, -1.60 
-2.88192610, -1.58 
-2.88175249, -1.60 
-2.88157888, -1.60 
-2.88140527, -1.60 
-2.88123166, -1.58 
-2.88105805, -1.59 
-2.88088444, -1.59 
-2.88071083, -1.59 
-2.88053722, -1.58 
-2.88036361, -1.59 
-2.88019000, -1.59 
-2.88001639, -1.59 
-2.87984278, -1.58 
-2.87966917, -1.57 
-2.87949556, -1.58 
-2.87932195, -1.58 
-2.87914834, -1.60 
-2.87897473, -1.58 
-2.87880112, -1.58 
-2.87862751, -1.58 
-2.87845390, -1.58 
-2.87828029, -1.58 
-2.87810668, -1.58 
-2.87793307, -1.59 
-2.87775946, -1.58 
-2.87758585, -1.59 
-2.87741224, -1.59 
-2.87723863, -1.58 
-2.87706502, -1.58 
-2.87689141, -1.58 
-2.87671780, -1.57 
-2.87654419, -1.57 
-2.87637058, -1.57 
-2.87619697, -1.58 
-2.87602336, -1.58 
-2.87584975, -1.58 
-2.87567614, -1.58 
-2.87550253, -1.57 
-2.87532892, -1.57 
-2.87515531, -1.56 
-2.87498170, -1.57 
-2.87480809, -1.57 
-2.87463448, -1.57 
-2.87446087, -1.56 
-2.87428726, -1.57 
-2.87411365, -1.56 
-2.87394004, -1.57 
-2.87376643, -1.56 
-2.87359282, -1.56 
-2.87341921, -1.56 
-2.87324560, -1.57 
-2.87307199, -1.56 
-2.87289838, -1.56 
-2.87272477, -1.57 
-2.87255116, -1.55 
-2.87237755, -1.56 
-2.87220394, -1.56 
-2.87203033, -1.56 
-2.87185672, -1.55 
-2.87168311, -1.55 
-2.87150950, -1.56 
-2.87133589, -1.56 
-2.87116228, -1.55 
-2.87098867, -1.56 
-2.87081506, -1.56 
-2.87064145, -1.55 
-2.87046784, -1.55 
-2.87029423, -1.55 
-2.87012062, -1.54 
-2.86994701, -1.54 
-2.86977340, -1.55 
-2.86959979, -1.55 
-2.86942618, -1.55 
-2.86925257, -1.54 
-2.86907896, -1.54 
-2.86890535, -1.54 
-2.86873174, -1.54 
-2.86855813, -1.55 
-2.86838452, -1.54 
-2.86821091, -1.54 
-2.86803730, -1.54 
-2.86786369, -1.54 
-2.86769008, -1.54 
-2.86751647, -1.54 
-2.86734286, -1.53 
-2.86716925, -1.53 
-2.86699564, -1.54 
-2.86682203, -1.53 
-2.86664842, -1.54 
-2.86647481, -1.53 
-2.86630120, -1.53 
-2.86612759, -1.53 
-2.86595398, -1.52 
-2.86578037, -1.52 
-2.86560676, -1.53 
-2.86543315, -1.53 
-2.86525954, -1.52 
-2.86508593, -1.53 
-2.86491232, -1.52 
-2.86473871, -1.52 
-2.86456510, -1.52 
-2.86439149, -1.52 
-2.86421788, -1.51 
-2.86404427, -1.51 
-2.86387066, -1.51 
-2.86369705, -1.51 
-2.86352344, -1.52 
-2.86334983, -1.51 
-2.86317622, -1.51 
-2.86300261, -1.52 
-2.86282900, -1.50 
-2.86265539, -1.51 
-2.86248178, -1.50 
-2.86230817, -1.51 
-2.86213456, -1.50 
-2.86196095, -1.50 
-2.86178734, -1.49 
-2.86161373, -1.50 
-2.86144012, -1.49 
-2.86126651, -1.49 
-2.86109290, -1.49 
-2.86091929, -1.48 
-2.86074568, -1.49 
-2.86057207, -1.49 
-2.86039846, -1.50 
-2.86022485, -1.49 
-2.86005124, -1.49 
-2.85987763, -1.49 
-2.85970402, -1.47 
-2.85953041, -1.48 
-2.85935680, -1.49 
-2.85918319, -1.48 
-2.85900958, -1.48 
-2.85883597, -1.47 
-2.85866236, -1.48 
-2.85848875, -1.48 
-2.85831514, -1.46 
-2.85814153, -1.46 
-2.85796792, -1.47 
-2.85779431, -1.47 
-2.85762070, -1.47 
-2.85744709, -1.47 
-2.85727348, -1.46 
-2.85709987, -1.46 
-2.85692626, -1.47 
-2.85675265, -1.46 
-2.85657904, -1.46 
-2.85640543, -1.45 
-2.85623182, -1.46 
-2.85605821, -1.46 
-2.85588460, -1.46 
-2.85571099, -1.45 
-2.85553738, -1.45 
-2.85536377, -1.45 
-2.85519016, -1.45 
-2.85501655, -1.44 
-2.85484294, -1.45 
-2.85466933, -1.44 
-2.85449572, -1.44 
-2.85432211, -1.44 
-2.85414850, -1.44 
-2.85397489, -1.43 
-2.85380128, -1.43 
-2.85362767, -1.44 
-2.85345406, -1.44 
-2.85328045, -1.43 
-2.85310684, -1.43 
-2.85293323, -1.43 
-2.85275962, -1.43 
-2.85258601, -1.42 
-2.85241240, -1.42 
-2.85223879, -1.43 
-2.85206518, -1.42 
-2.85189157, -1.42 
-2.85171796, -1.42 
-2.85154435, -1.42 
-2.85137074, -1.42 
-2.85119713, -1.41 
-2.85102352, -1.41 
-2.85084991, -1.40 
-2.85067630, -1.40 
-2.85050269, -1.40 
-2.85032908, -1.40 
-2.85015547, -1.41 
-2.84998186, -1.40 
-2.84980825, -1.39 
-2.84963464, -1.40 
-2.84946103, -1.40 
-2.84928742, -1.39 
-2.84911381, -1.40 
-2.84894020, -1.39 
-2.84876659, -1.39 
-2.84859298, -1.39 
-2.84841937, -1.39 
-2.84824576, -1.39 
-2.84807215, -1.38 
-2.84789854, -1.38 
-2.84772493, -1.37 
-2.84755132, -1.37 
-2.84737771, -1.37 
-2.84720410, -1.38 
-2.84703049, -1.37 
-2.84685688, -1.37 
-2.84668327, -1.37 
-2.84650966, -1.38 
-2.84633605, -1.37 
-2.84616244, -1.37 
-2.84598883, -1.36 
-2.84581522, -1.36 
-2.84564161, -1.36 
-2.84546800, -1.36 
-2.84529439, -1.34 
-2.84512078, -1.35 
-2.84494717, -1.36 
-2.84477356, -1.34 
-2.84459995, -1.35 
-2.84442634, -1.35 
-2.84425273, -1.34 
-2.84407912, -1.34 
-2.84390551, -1.34 
-2.84373190, -1.33 
-2.84355829, -1.34 
-2.84338468, -1.34 
-2.84321107, -1.32 
-2.84303746, -1.33 
-2.84286385, -1.33 
-2.84269024, -1.32 
-2.84251663, -1.31 
-2.84234302, -1.33 
-2.84216941, -1.32 
-2.84199580, -1.31 
-2.84182219, -1.31 
-2.84164858, -1.30 
-2.84147497, -1.31 
-2.84130136, -1.30 
-2.84112775, -1.31 
-2.84095414, -1.30 
-2.84078053, -1.30 
-2.84060692, -1.30 
-2.84043331, -1.29 
-2.84025970, -1.30 
-2.84008609, -1.29 
-2.83991248, -1.30 
-2.83973887, -1.29 
-2.83956526, -1.30 
-2.83939165, -1.28 
-2.83921804, -1.28 
-2.83904443, -1.28 
-2.83887082, -1.27 
-2.83869721, -1.28 
-2.83852360, -1.28 
-2.83834999, -1.27 
-2.83817638, -1.28 
-2.83800277, -1.27 
-2.83782916, -1.28 
-2.83765555, -1.25 
-2.83748194, -1.26 
-2.83730833, -1.27 
-2.83713472, -1.25 
-2.83696111, -1.25 
-2.83678750, -1.25 
-2.83661389, -1.26 
-2.83644028, -1.25 
-2.83626667, -1.24 
-2.83609306, -1.24 
-2.83591945, -1.24 
-2.83574584, -1.23 
-2.83557223, -1.24 
-2.83539862, -1.24 
-2.83522501, -1.24 
-2.83505140, -1.23 
-2.83487779, -1.23 
-2.83470418, -1.23 
-2.83453057, -1.22 
-2.83435696, -1.23 
-2.83418335, -1.22 
-2.83400974, -1.22 
-2.83383613, -1.22 
-2.83366252, -1.21 
-2.83348891, -1.21 
-2.83331530, -1.21 
-2.83314169, -1.20 
-2.83296808, -1.21 
-2.83279447, -1.21 
-2.83262086, -1.20 
-2.83244725, -1.20 
-2.83227364, -1.19 
-2.83210003, -1.19 
-2.83192642, -1.20 
-2.83175281, -1.19 
-2.83157920, -1.18 
-2.83140559, -1.19 
-2.83123198, -1.18 
-2.83105837, -1.18 
-2.83088476, -1.18 
-2.83071115, -1.18 
-2.83053754, -1.17 
-2.83036393, -1.17 
-2.83019032, -1.17 
-2.83001671, -1.16 
-2.82984310, -1.17 
-2.82966949, -1.16 
-2.82949588, -1.15 
-2.82932227, -1.16 
-2.82914866, -1.14 
-2.82897505, -1.14 
-2.82880144, -1.14 
-2.82862783, -1.15 
-2.82845422, -1.15 
-2.82828061, -1.14 
-2.82810700, -1.13 
-2.82793339, -1.14 
-2.82775978, -1.13 
-2.82758617, -1.14 
-2.82741256, -1.14 
-2.82723895, -1.12 
-2.82706534, -1.13 
-2.82689173, -1.12 
-2.82671812, -1.11 
-2.82654451, -1.11 
-2.82637090, -1.11 
-2.82619729, -1.11 
-2.82602368, -1.11 
-2.82585007, -1.10 
-2.82567646, -1.10 
-2.82550285, -1.10 
-2.82532924, -1.10 
-2.82515563, -1.10 
-2.82498202, -1.10 
-2.82480841, -1.09 
-2.82463480, -1.08 
-2.82446119, -1.09 
-2.82428758, -1.08 
-2.82411397, -1.09 
-2.82394036, -1.08 
-2.82376675, -1.07 
-2.82359314, -1.07 
-2.82341953, -1.06 
-2.82324592, -1.06 
-2.82307231, -1.06 
-2.82289870, -1.05 
-2.82272509, -1.06 
-2.82255148, -1.05 
-2.82237787, -1.05 
-2.82220426, -1.04 
-2.82203065, -1.05 
-2.82185704, -1.05 
-2.82168343, -1.04 
-2.82150982, -1.04 
-2.82133621, -1.04 
-2.82116260, -1.03 
-2.82098899, -1.03 
-2.82081538, -1.03 
-2.82064177, -1.03 
-2.82046816, -1.03 
-2.82029455, -1.01 
-2.82012094, -1.02 
-2.81994733, -1.02 
-2.81977372, -1.02 
-2.81960011, -1.02 
-2.81942650, -1.01 
-2.81925289, -1.00 
-2.81907928, -1.00 
-2.81890567, -1.00 
-2.81873206, -0.99 
-2.81855845, -0.99 
-2.81838484, -0.99 
-2.81821123, -0.98 
-2.81803762, -0.99 
-2.81786401, -0.98 
-2.81769040, -0.99 
-2.81751679, -0.98 
-2.81734318, -0.98 
-2.81716957, -0.98 
-2.81699596, -0.97 
-2.81682235, -0.97 
-2.81664874, -0.97 
-2.81647513, -0.96 
-2.81630152, -0.96 
-2.81612791, -0.97 
-2.81595430, -0.95 
-2.81578069, -0.95 
-2.81560708, -0.94 
-2.81543347, -0.94 
-2.81525986, -0.94 
-2.81508625, -0.95 
-2.81491264, -0.94 
-2.81473903, -0.93 
-2.81456542, -0.92 
-2.81439181, -0.92 
-2.81421820, -0.92 
-2.81404459, -0.91 
-2.81387098, -0.92 
-2.81369737, -0.91 
-2.81352376, -0.92 
-2.81335015, -0.91 
-2.81317654, -0.91 
-2.81300293, -0.91 
-2.81282932, -0.89 
-2.81265571, -0.89 
-2.81248210, -0.91 
-2.81230849, -0.89 
-2.81213488, -0.90 
-2.81196127, -0.89 
-2.81178766, -0.88 
-2.81161405, -0.88 
-2.81144044, -0.88 
-2.81126683, -0.89 
-2.81109322, -0.88 
-2.81091961, -0.87 
-2.81074600, -0.86 
-2.81057239, -0.87 
-2.81039878, -0.86 
-2.81022517, -0.87 
-2.81005156, -0.86 
-2.80987795, -0.86 
-2.80970434, -0.85 
-2.80953073, -0.85 
-2.80935712, -0.84 
-2.80918351, -0.84 
-2.80900990, -0.84 
-2.80883629, -0.83 
-2.80866268, -0.84 
-2.80848907, -0.84 
-2.80831546, -0.83 
-2.80814185, -0.82 
-2.80796824, -0.81 
-2.80779463, -0.81 
-2.80762102, -0.81 
-2.80744741, -0.81 
-2.80727380, -0.81 
-2.80710019, -0.81 
-2.80692658, -0.80 
-2.80675297, -0.80 
-2.80657936, -0.80 
-2.80640575, -0.79 
-2.80623214, -0.78 
-2.80605853, -0.79 
-2.80588492, -0.78 
-2.80571131, -0.78 
-2.80553770, -0.78 
-2.80536409, -0.78 
-2.80519048, -0.76 
-2.80501687, -0.76 
-2.80484326, -0.76 
-2.80466965, -0.76 
-2.80449604, -0.75 
-2.80432243, -0.76 
-2.80414882, -0.75 
-2.80397521, -0.75 
-2.80380160, -0.75 
-2.80362799, -0.75 
-2.80345438, -0.74 
-2.80328077, -0.74 
-2.80310716, -0.73 
-2.80293355, -0.72 
-2.80275994, -0.73 
-2.80258633, -0.72 
-2.80241272, -0.73 
-2.80223911, -0.72 
-2.80206550, -0.71 
-2.80189189, -0.71 
-2.80171828, -0.72 
-2.80154467, -0.71 
-2.80137106, -0.71 
-2.80119745, -0.70 
-2.80102384, -0.70 
-2.80085023, -0.69 
-2.80067662, -0.69 
-2.80050301, -0.69 
-2.80032940, -0.69 
-2.80015579, -0.68 
-2.79998218, -0.68 
-2.79980857, -0.68 
-2.79963496, -0.67 
-2.79946135, -0.66 
-2.79928774, -0.66 
-2.79911413, -0.67 
-2.79894052, -0.66 
-2.79876691, -0.65 
-2.79859330, -0.65 
-2.79841969, -0.64 
-2.79824608, -0.65 
-2.79807247, -0.64 
-2.79789886, -0.64 
-2.79772525, -0.63 
-2.79755164, -0.63 
-2.79737803, -0.62 
-2.79720442, -0.63 
-2.79703081, -0.62 
-2.79685720, -0.62 
-2.79668359, -0.62 
-2.79650998, -0.61 
-2.79633637, -0.61 
-2.79616276, -0.61 
-2.79598915, -0.61 
-2.79581554, -0.60 
-2.79564193, -0.60 
-2.79546832, -0.59 
-2.79529471, -0.60 
-2.79512110, -0.58 
-2.79494749, -0.58 
-2.79477388, -0.58 
-2.79460027, -0.58 
-2.79442666, -0.57 
-2.79425305, -0.57 
-2.79407944, -0.57 
-2.79390583, -0.58 
-2.79373222, -0.56 
-2.79355861, -0.57 
-2.79338500, -0.55 
-2.79321139, -0.56 
-2.79303778, -0.55 
-2.79286417, -0.56 
-2.79269056, -0.55 
-2.79251695, -0.54 
-2.79234334, -0.53 
-2.79216973, -0.53 
-2.79199612, -0.53 
-2.79182251, -0.52 
-2.79164890, -0.52 
-2.79147529, -0.53 
-2.79130168, -0.52 
-2.79112807, -0.51 
-2.79095446, -0.51 
-2.79078085, -0.50 
-2.79060724, -0.50 
-2.79043363, -0.49 
-2.79026002, -0.49 
-2.79008641, -0.50 
-2.78991280, -0.48 
-2.78973919, -0.49 
-2.78956558, -0.48 
-2.78939197, -0.48 
-2.78921836, -0.47 
-2.78904475, -0.48 
-2.78887114, -0.47 
-2.78869753, -0.47 
-2.78852392, -0.46 
-2.78835031, -0.46 
-2.78817670, -0.46 
-2.78800309, -0.45 
-2.78782948, -0.45 
-2.78765587, -0.45 
-2.78748226, -0.44 
-2.78730865, -0.44 
-2.78713504, -0.44 
-2.78696143, -0.43 
-2.78678782, -0.43 
-2.78661421, -0.43 
-2.78644060, -0.43 
-2.78626699, -0.41 
-2.78609338, -0.42 
-2.78591977, -0.42 
-2.78574616, -0.40 
-2.78557255, -0.41 
-2.78539894, -0.41 
-2.78522533, -0.39 
-2.78505172, -0.40 
-2.78487811, -0.39 
-2.78470450, -0.39 
-2.78453089, -0.38 
-2.78435728, -0.39 
-2.78418367, -0.38 
-2.78401006, -0.37 
-2.78383645, -0.37 
-2.78366284, -0.36 
-2.78348923, -0.37 
-2.78331562, -0.37 
-2.78314201, -0.36 
-2.78296840, -0.35 
-2.78279479, -0.36 
-2.78262118, -0.35 
-2.78244757, -0.35 
-2.78227396, -0.34 
-2.78210035, -0.35 
-2.78192674, -0.33 
-2.78175313, -0.33 
-2.78157952, -0.33 
-2.78140591, -0.33 
-2.78123230, -0.33 
-2.78105869, -0.32 
-2.78088508, -0.31 
-2.78071147, -0.31 
-2.78053786, -0.30 
-2.78036425, -0.30 
-2.78019064, -0.31 
-2.78001703, -0.30 
-2.77984342, -0.29 
-2.77966981, -0.30 
-2.77949620, -0.29 
-2.77932259, -0.28 
-2.77914898, -0.27 
-2.77897537, -0.27 
-2.77880176, -0.26 
-2.77862815, -0.27 
-2.77845454, -0.26 
-2.77828093, -0.27 
-2.77810732, -0.25 
-2.77793371, -0.26 
-2.77776010, -0.25 
-2.77758649, -0.25 
-2.77741288, -0.24 
-2.77723927, -0.24 
-2.77706566, -0.24 
-2.77689205, -0.23 
-2.77671844, -0.23 
-2.77654483, -0.23 
-2.77637122, -0.22 
-2.77619761, -0.22 
-2.77602400, -0.22 
-2.77585039, -0.22 
-2.77567678, -0.22 
-2.77550317, -0.21 
-2.77532956, -0.20 
-2.77515595, -0.20 
-2.77498234, -0.19 
-2.77480873, -0.19 
-2.77463512, -0.19 
-2.77446151, -0.19 
-2.77428790, -0.18 
-2.77411429, -0.17 
-2.77394068, -0.18 
-2.77376707, -0.18 
-2.77359346, -0.18 
-2.77341985, -0.17 
-2.77324624, -0.16 
-2.77307263, -0.15 
-2.77289902, -0.16 
-2.77272541, -0.15 
-2.77255180, -0.15 
-2.77237819, -0.14 
-2.77220458, -0.15 
-2.77203097, -0.13 
-2.77185736, -0.15 
-2.77168375, -0.12 
-2.77151014, -0.12 
-2.77133653, -0.12 
-2.77116292, -0.13 
-2.77098931, -0.11 
-2.77081570, -0.11 
-2.77064209, -0.10 
-2.77046848, -0.10 
-2.77029487, -0.09 
-2.77012126, -0.10 
-2.76994765, -0.09 
-2.76977404, -0.09 
-2.76960043, -0.09 
-2.76942682, -0.08 
-2.76925321, -0.08 
-2.76907960, -0.07 
-2.76890599, -0.08 
-2.76873238, -0.07 
-2.76855877, -0.07 
-2.76838516, -0.06 
-2.76821155, -0.06 
-2.76803794, -0.06 
-2.76786433, -0.05 
-2.76769072, -0.05 
-2.76751711, -0.05 
-2.76734350, -0.05 
-2.76716989, -0.04 
-2.76699628, -0.03 
-2.76682267, -0.03 
-2.76664906, -0.03 
-2.76647545, -0.04 
-2.76630184, -0.03 
-2.76612823, -0.01 
-2.76595462, -0.02 
-2.76578101, -0.02 
-2.76560740, -0.01 
-2.76543379, -0.01 
-2.76526018, -0.01 
-2.76508657,  0.00 
-2.76491296,  0.01 
-2.76473935,  0.02 
-2.76456574,  0.02 
-2.76439213,  0.02 
-2.76421852,  0.02 
-2.76404491,  0.02 
-2.76387130,  0.02 
-2.76369769,  0.04 
-2.76352408,  0.03 
-2.76335047,  0.05 
-2.76317686,  0.04 
-2.76300325,  0.04 
-2.76282964,  0.04 
-2.76265603,  0.06 
-2.76248242,  0.06 
-2.76230881,  0.06 
-2.76213520,  0.06 
-2.76196159,  0.07 
-2.76178798,  0.07 
-2.76161437,  0.07 
-2.76144076,  0.07 
-2.76126715,  0.08 
-2.76109354,  0.08 
-2.76091993,  0.09 
-2.76074632,  0.10 
-2.76057271,  0.08 
-2.76039910,  0.09 
-2.76022549,  0.10 
-2.76005188,  0.11 
-2.75987827,  0.11 
-2.75970466,  0.11 
-2.75953105,  0.11 
-2.75935744,  0.11 
-2.75918383,  0.11 
-2.75901022,  0.13 
-2.75883661,  0.12 
-2.75866300,  0.13 
-2.75848939,  0.14 
-2.75831578,  0.14 
-2.75814217,  0.14 
-2.75796856,  0.14 
-2.75779495,  0.16 
-2.75762134,  0.15 
-2.75744773,  0.16 
-2.75727412,  0.16 
-2.75710051,  0.16 
-2.75692690,  0.17 
-2.75675329,  0.17 
-2.75657968,  0.18 
-2.75640607,  0.18 
-2.75623246,  0.18 
-2.75605885,  0.18 
-2.75588524,  0.19 
-2.75571163,  0.19 
-2.75553802,  0.20 
-2.75536441,  0.19 
-2.75519080,  0.21 
-2.75501719,  0.20 
-2.75484358,  0.21 
-2.75466997,  0.21 
-2.75449636,  0.22 
-2.75432275,  0.22 
-2.75414914,  0.22 
-2.75397553,  0.23 
-2.75380192,  0.22 
-2.75362831,  0.23 
-2.75345470,  0.24 
-2.75328109,  0.23 
-2.75310748,  0.24 
-2.75293387,  0.24 
-2.75276026,  0.25 
-2.75258665,  0.25 
-2.75241304,  0.26 
-2.75223943,  0.26 
-2.75206582,  0.26 
-2.75189221,  0.27 
-2.75171860,  0.27 
-2.75154499,  0.27 
-2.75137138,  0.27 
-2.75119777,  0.28 
-2.75102416,  0.28 
-2.75085055,  0.29 
-2.75067694,  0.29 
-2.75050333,  0.30 
-2.75032972,  0.32 
-2.75015611,  0.30 
-2.74998250,  0.31 
-2.74980889,  0.31 
-2.74963528,  0.32 
-2.74946167,  0.32 
-2.74928806,  0.32 
-2.74911445,  0.32 
-2.74894084,  0.32 
-2.74876723,  0.33 
-2.74859362,  0.33 
-2.74842001,  0.33 
-2.74824640,  0.34 
-2.74807279,  0.34 
-2.74789918,  0.35 
-2.74772557,  0.34 
-2.74755196,  0.35 
-2.74737835,  0.34 
-2.74720474,  0.36 
-2.74703113,  0.37 
-2.74685752,  0.35 
-2.74668391,  0.37 
-2.74651030,  0.37 
-2.74633669,  0.38 
-2.74616308,  0.37 
-2.74598947,  0.38 
-2.74581586,  0.39 
-2.74564225,  0.39 
-2.74546864,  0.39 
-2.74529503,  0.40 
-2.74512142,  0.40 
-2.74494781,  0.40 
-2.74477420,  0.40 
-2.74460059,  0.41 
-2.74442698,  0.41 
-2.74425337,  0.42 
-2.74407976,  0.42 
-2.74390615,  0.42 
-2.74373254,  0.42 
-2.74355893,  0.43 
-2.74338532,  0.43 
-2.74321171,  0.44 
-2.74303810,  0.44 
-2.74286449,  0.45 
-2.74269088,  0.45 
-2.74251727,  0.45 
-2.74234366,  0.46 
-2.74217005,  0.46 
-2.74199644,  0.45 
-2.74182283,  0.47 
-2.74164922,  0.47 
-2.74147561,  0.47 
-2.74130200,  0.47 
-2.74112839,  0.47 
-2.74095478,  0.47 
-2.74078117,  0.48 
-2.74060756,  0.48 
-2.74043395,  0.49 
-2.74026034,  0.49 
-2.74008673,  0.50 
-2.73991312,  0.51 
-2.73973951,  0.50 
-2.73956590,  0.51 
-2.73939229,  0.51 
-2.73921868,  0.52 
-2.73904507,  0.52 
-2.73887146,  0.53 
-2.73869785,  0.53 
-2.73852424,  0.53 
-2.73835063,  0.53 
-2.73817702,  0.54 
-2.73800341,  0.53 
-2.73782980,  0.53 
-2.73765619,  0.54 
-2.73748258,  0.54 
-2.73730897,  0.55 
-2.73713536,  0.55 
-2.73696175,  0.55 
-2.73678814,  0.56 
-2.73661453,  0.56 
-2.73644092,  0.57 
-2.73626731,  0.56 
-2.73609370,  0.57 
-2.73592009,  0.58 
-2.73574648,  0.57 
-2.73557287,  0.58 
-2.73539926,  0.58 
-2.73522565,  0.58 
-2.73505204,  0.60 
-2.73487843,  0.60 
-2.73470482,  0.59 
-2.73453121,  0.60 
-2.73435760,  0.61 
-2.73418399,  0.61 
-2.73401038,  0.61 
-2.73383677,  0.62 
-2.73366316,  0.62 
-2.73348955,  0.63 
-2.73331594,  0.62 
-2.73314233,  0.62 
-2.73296872,  0.63 
-2.73279511,  0.63 
-2.73262150,  0.64 
-2.73244789,  0.63 
-2.73227428,  0.64 
-2.73210067,  0.65 
-2.73192706,  0.64 
-2.73175345,  0.65 
-2.73157984,  0.64 
-2.73140623,  0.66 
-2.73123262,  0.67 
-2.73105901,  0.66 
-2.73088540,  0.67 
-2.73071179,  0.68 
-2.73053818,  0.67 
-2.73036457,  0.67 
-2.73019096,  0.68 
-2.73001735,  0.68 
-2.72984374,  0.68 
-2.72967013,  0.69 
-2.72949652,  0.69 
-2.72932291,  0.70 
-2.72914930,  0.70 
-2.72897569,  0.70 
-2.72880208,  0.70 
-2.72862847,  0.70 
-2.72845486,  0.71 
-2.72828125,  0.71 
-2.72810764,  0.72 
-2.72793403,  0.72 
-2.72776042,  0.72 
-2.72758681,  0.73 
-2.72741320,  0.74 
-2.72723959,  0.73 
-2.72706598,  0.75 
-2.72689237,  0.74 
-2.72671876,  0.74 
-2.72654515,  0.74 
-2.72637154,  0.74 
-2.72619793,  0.75 
-2.72602432,  0.76 
-2.72585071,  0.77 
-2.72567710,  0.76 
-2.72550349,  0.76 
-2.72532988,  0.77 
-2.72515627,  0.77 
-2.72498266,  0.77 
-2.72480905,  0.78 
-2.72463544,  0.78 
-2.72446183,  0.79 
-2.72428822,  0.78 
-2.72411461,  0.79 
-2.72394100,  0.79 
-2.72376739,  0.80 
-2.72359378,  0.80 
-2.72342017,  0.81 
-2.72324656,  0.81 
-2.72307295,  0.81 
-2.72289934,  0.81 
-2.72272573,  0.81 
-2.72255212,  0.82 
-2.72237851,  0.83 
-2.72220490,  0.82 
-2.72203129,  0.83 
-2.72185768,  0.83 
-2.72168407,  0.83 
-2.72151046,  0.83 
-2.72133685,  0.84 
-2.72116324,  0.83 
-2.72098963,  0.85 
-2.72081602,  0.85 
-2.72064241,  0.85 
-2.72046880,  0.84 
-2.72029519,  0.85 
-2.72012158,  0.87 
-2.71994797,  0.86 
-2.71977436,  0.86 
-2.71960075,  0.87 
-2.71942714,  0.88 
-2.71925353,  0.87 
-2.71907992,  0.88 
-2.71890631,  0.88 
-2.71873270,  0.89 
-2.71855909,  0.89 
-2.71838548,  0.89 
-2.71821187,  0.89 
-2.71803826,  0.90 
-2.71786465,  0.89 
-2.71769104,  0.91 
-2.71751743,  0.91 
-2.71734382,  0.90 
-2.71717021,  0.91 
-2.71699660,  0.91 
-2.71682299,  0.91 
-2.71664938,  0.91 
-2.71647577,  0.92 
-2.71630216,  0.93 
-2.71612855,  0.93 
-2.71595494,  0.93 
-2.71578133,  0.93 
-2.71560772,  0.94 
-2.71543411,  0.93 
-2.71526050,  0.93 
-2.71508689,  0.94 
-2.71491328,  0.94 
-2.71473967,  0.95 
-2.71456606,  0.95 
-2.71439245,  0.96 
-2.71421884,  0.96 
-2.71404523,  0.95 
-2.71387162,  0.96 
-2.71369801,  0.96 
-2.71352440,  0.97 
-2.71335079,  0.97 
-2.71317718,  0.97 
-2.71300357,  0.97 
-2.71282996,  0.99 
-2.71265635,  0.98 
-2.71248274,  0.98 
-2.71230913,  0.98 
-2.71213552,  0.99 
-2.71196191,  0.99 
-2.71178830,  0.99 
-2.71161469,  1.00 
-2.71144108,  1.01 
-2.71126747,  1.00 
-2.71109386,  1.00 
-2.71092025,  1.01 
-2.71074664,  1.02 
-2.71057303,  1.02 
-2.71039942,  1.02 
-2.71022581,  1.02 
-2.71005220,  1.01 
-2.70987859,  1.04 
-2.70970498,  1.03 
-2.70953137,  1.02 
-2.70935776,  1.03 
-2.70918415,  1.03 
-2.70901054,  1.03 
-2.70883693,  1.05 
-2.70866332,  1.05 
-2.70848971,  1.04 
-2.70831610,  1.05 
-2.70814249,  1.05 
-2.70796888,  1.06 
-2.70779527,  1.05 
-2.70762166,  1.06 
-2.70744805,  1.06 
-2.70727444,  1.06 
-2.70710083,  1.06 
-2.70692722,  1.07 
-2.70675361,  1.07 
-2.70658000,  1.08 
-2.70640639,  1.07 
-2.70623278,  1.07 
-2.70605917,  1.09 
-2.70588556,  1.09 
-2.70571195,  1.08 
-2.70553834,  1.08 
-2.70536473,  1.09 
-2.70519112,  1.10 
-2.70501751,  1.11 
-2.70484390,  1.09 
-2.70467029,  1.10 
-2.70449668,  1.10 
-2.70432307,  1.11 
-2.70414946,  1.11 
-2.70397585,  1.11 
-2.70380224,  1.11 
-2.70362863,  1.12 
-2.70345502,  1.13 
-2.70328141,  1.12 
-2.70310780,  1.13 
-2.70293419,  1.13 
-2.70276058,  1.13 
-2.70258697,  1.14 
-2.70241336,  1.14 
-2.70223975,  1.15 
-2.70206614,  1.14 
-2.70189253,  1.15 
-2.70171892,  1.15 
-2.70154531,  1.15 
-2.70137170,  1.15 
-2.70119809,  1.15 
-2.70102448,  1.16 
-2.70085087,  1.16 
-2.70067726,  1.16 
-2.70050365,  1.16 
-2.70033004,  1.16 
-2.70015643,  1.15 
-2.69998282,  1.17 
-2.69980921,  1.17 
-2.69963560,  1.18 
-2.69946199,  1.17 
-2.69928838,  1.18 
-2.69911477,  1.18 
-2.69894116,  1.18 
-2.69876755,  1.18 
-2.69859394,  1.19 
-2.69842033,  1.19 
-2.69824672,  1.19 
-2.69807311,  1.19 
-2.69789950,  1.20 
-2.69772589,  1.20 
-2.69755228,  1.21 
-2.69737867,  1.20 
-2.69720506,  1.21 
-2.69703145,  1.21 
-2.69685784,  1.21 
-2.69668423,  1.21 
-2.69651062,  1.22 
-2.69633701,  1.21 
-2.69616340,  1.22 
-2.69598979,  1.22 
-2.69581618,  1.23 
-2.69564257,  1.22 
-2.69546896,  1.23 
-2.69529535,  1.23 
-2.69512174,  1.23 
-2.69494813,  1.23 
-2.69477452,  1.24 
-2.69460091,  1.24 
-2.69442730,  1.24 
-2.69425369,  1.24 
-2.69408008,  1.25 
-2.69390647,  1.25 
-2.69373286,  1.25 
-2.69355925,  1.25 
-2.69338564,  1.26 
-2.69321203,  1.26 
-2.69303842,  1.26 
-2.69286481,  1.25 
-2.69269120,  1.26 
-2.69251759,  1.27 
-2.69234398,  1.27 
-2.69217037,  1.27 
-2.69199676,  1.28 
-2.69182315,  1.27 
-2.69164954,  1.28 
-2.69147593,  1.28 
-2.69130232,  1.28 
-2.69112871,  1.28 
-2.69095510,  1.29 
-2.69078149,  1.28 
-2.69060788,  1.29 
-2.69043427,  1.30 
-2.69026066,  1.29 
-2.69008705,  1.30 
-2.68991344,  1.31 
-2.68973983,  1.30 
-2.68956622,  1.29 
-2.68939261,  1.30 
-2.68921900,  1.31 
-2.68904539,  1.31 
-2.68887178,  1.31 
-2.68869817,  1.31 
-2.68852456,  1.31 
-2.68835095,  1.32 
-2.68817734,  1.32 
-2.68800373,  1.32 
-2.68783012,  1.33 
-2.68765651,  1.33 
-2.68748290,  1.34 
-2.68730929,  1.33 
-2.68713568,  1.32 
-2.68696207,  1.33 
-2.68678846,  1.33 
-2.68661485,  1.34 
-2.68644124,  1.34 
-2.68626763,  1.34 
-2.68609402,  1.33 
-2.68592041,  1.34 
-2.68574680,  1.35 
-2.68557319,  1.35 
-2.68539958,  1.35 
-2.68522597,  1.35 
-2.68505236,  1.36 
-2.68487875,  1.35 
-2.68470514,  1.35 
-2.68453153,  1.37 
-2.68435792,  1.37 
-2.68418431,  1.36 
-2.68401070,  1.37 
-2.68383709,  1.37 
-2.68366348,  1.36 
-2.68348987,  1.38 
-2.68331626,  1.36 
-2.68314265,  1.37 
-2.68296904,  1.36 
-2.68279543,  1.38 
-2.68262182,  1.38 
-2.68244821,  1.38 
-2.68227460,  1.39 
-2.68210099,  1.38 
-2.68192738,  1.38 
-2.68175377,  1.38 
-2.68158016,  1.39 
-2.68140655,  1.38 
-2.68123294,  1.40 
-2.68105933,  1.40 
-2.68088572,  1.39 
-2.68071211,  1.40 
-2.68053850,  1.39 
-2.68036489,  1.41 
-2.68019128,  1.40 
-2.68001767,  1.40 
-2.67984406,  1.41 
-2.67967045,  1.40 
-2.67949684,  1.40 
-2.67932323,  1.41 
-2.67914962,  1.42 
-2.67897601,  1.41 
-2.67880240,  1.42 
-2.67862879,  1.42 
-2.67845518,  1.41 
-2.67828157,  1.42 
-2.67810796,  1.42 
-2.67793435,  1.43 
-2.67776074,  1.42 
-2.67758713,  1.43 
-2.67741352,  1.43 
-2.67723991,  1.44 
-2.67706630,  1.43 
-2.67689269,  1.43 
-2.67671908,  1.44 
-2.67654547,  1.43 
-2.67637186,  1.43 
-2.67619825,  1.44 
-2.67602464,  1.44 
-2.67585103,  1.43 
-2.67567742,  1.44 
-2.67550381,  1.44 
-2.67533020,  1.46 
-2.67515659,  1.45 
-2.67498298,  1.44 
-2.67480937,  1.45 
-2.67463576,  1.45 
-2.67446215,  1.46 
-2.67428854,  1.46 
-2.67411493,  1.45 
-2.67394132,  1.46 
-2.67376771,  1.46 
-2.67359410,  1.45 
-2.67342049,  1.47 
-2.67324688,  1.47 
-2.67307327,  1.46 
-2.67289966,  1.48 
-2.67272605,  1.46 
-2.67255244,  1.48 
-2.67237883,  1.47 
-2.67220522,  1.47 
-2.67203161,  1.47 
-2.67185800,  1.48 
-2.67168439,  1.48 
-2.67151078,  1.47 
-2.67133717,  1.48 
-2.67116356,  1.48 
-2.67098995,  1.48 
-2.67081634,  1.48 
-2.67064273,  1.49 
-2.67046912,  1.49 
-2.67029551,  1.49 
-2.67012190,  1.49 
-2.66994829,  1.50 
-2.66977468,  1.49 
-2.66960107,  1.50 
-2.66942746,  1.50 
-2.66925385,  1.49 
-2.66908024,  1.49 
-2.66890663,  1.50 
-2.66873302,  1.50 
-2.66855941,  1.50 
-2.66838580,  1.50 
-2.66821219,  1.51 
-2.66803858,  1.50 
-2.66786497,  1.50 
-2.66769136,  1.50 
-2.66751775,  1.51 
-2.66734414,  1.51 
-2.66717053,  1.51 
-2.66699692,  1.51 
-2.66682331,  1.51 
-2.66664970,  1.51 
-2.66647609,  1.51 
-2.66630248,  1.52 
-2.66612887,  1.52 
-2.66595526,  1.52 
-2.66578165,  1.52 
-2.66560804,  1.52 
-2.66543443,  1.52 
-2.66526082,  1.52 
-2.66508721,  1.52 
-2.66491360,  1.52 
-2.66473999,  1.52 
-2.66456638,  1.53 
-2.66439277,  1.52 
-2.66421916,  1.52 
-2.66404555,  1.53 
-2.66387194,  1.53 
-2.66369833,  1.53 
-2.66352472,  1.53 
-2.66335111,  1.53 
-2.66317750,  1.54 
-2.66300389,  1.54 
-2.66283028,  1.54 
-2.66265667,  1.54 
-2.66248306,  1.53 
-2.66230945,  1.54 
-2.66213584,  1.53 
-2.66196223,  1.56 
-2.66178862,  1.54 
-2.66161501,  1.54 
-2.66144140,  1.54 
-2.66126779,  1.54 
-2.66109418,  1.54 
-2.66092057,  1.55 
-2.66074696,  1.54 
-2.66057335,  1.54 
-2.66039974,  1.55 
-2.66022613,  1.55 
-2.66005252,  1.56 
-2.65987891,  1.55 
-2.65970530,  1.55 
-2.65953169,  1.55 
-2.65935808,  1.55 
-2.65918447,  1.55 
-2.65901086,  1.57 
-2.65883725,  1.56 
-2.65866364,  1.55 
-2.65849003,  1.57 
-2.65831642,  1.57 
-2.65814281,  1.56 
-2.65796920,  1.57 
-2.65779559,  1.56 
-2.65762198,  1.57 
-2.65744837,  1.56 
-2.65727476,  1.56 
-2.65710115,  1.56 
-2.65692754,  1.58 
-2.65675393,  1.56 
-2.65658032,  1.56 
-2.65640671,  1.57 
-2.65623310,  1.57 
-2.65605949,  1.57 
-2.65588588,  1.57 
-2.65571227,  1.57 
-2.65553866,  1.57 
-2.65536505,  1.58 
-2.65519144,  1.57 
-2.65501783,  1.57 
-2.65484422,  1.58 
-2.65467061,  1.57 
-2.65449700,  1.57 
-2.65432339,  1.57 
-2.65414978,  1.58 
-2.65397617,  1.58 
-2.65380256,  1.58 
-2.65362895,  1.58 
-2.65345534,  1.58 
-2.65328173,  1.57 
-2.65310812,  1.59 
-2.65293451,  1.59 
-2.65276090,  1.58 
-2.65258729,  1.58 
-2.65241368,  1.58 
-2.65224007,  1.58 
-2.65206646,  1.59 
-2.65189285,  1.59 
-2.65171924,  1.59 
-2.65154563,  1.59 
-2.65137202,  1.57 
-2.65119841,  1.59 
-2.65102480,  1.58 
-2.65085119,  1.58 
-2.65067758,  1.59 
-2.65050397,  1.59 
-2.65033036,  1.58 
-2.65015675,  1.58 
-2.64998314,  1.59 
-2.64980953,  1.59 
-2.64963592,  1.59 
-2.64946231,  1.59 
-2.64928870,  1.59 
-2.64911509,  1.59 
-2.64894148,  1.58 
-2.64876787,  1.60 
-2.64859426,  1.59 
-2.64842065,  1.59 
-2.64824704,  1.59 
-2.64807343,  1.59 
-2.64789982,  1.60 
-2.64772621,  1.59 
-2.64755260,  1.59 
-2.64737899,  1.60 
-2.64720538,  1.59 
-2.64703177,  1.59 
-2.64685816,  1.59 
-2.64668455,  1.59 
-2.64651094,  1.60 
-2.64633733,  1.59 
-2.64616372,  1.59 
-2.64599011,  1.59 
-2.64581650,  1.59 
-2.64564289,  1.59 
-2.64546928,  1.61 
-2.64529567,  1.59 
-2.64512206,  1.60 
-2.64494845,  1.59 
-2.64477484,  1.60 
-2.64460123,  1.60 
-2.64442762,  1.60 
-2.64425401,  1.60 
-2.64408040,  1.59 
-2.64390679,  1.59 
-2.64373318,  1.60 
-2.64355957,  1.60 
-2.64338596,  1.59 
-2.64321235,  1.60 
-2.64303874,  1.60 
-2.64286513,  1.60 
-2.64269152,  1.60 
-2.64251791,  1.60 
-2.64234430,  1.60 
-2.64217069,  1.60 
-2.64199708,  1.60 
-2.64182347,  1.59 
-2.64164986,  1.60 
-2.64147625,  1.60 
-2.64130264,  1.60 
-2.64112903,  1.59 
-2.64095542,  1.61 
-2.64078181,  1.60 
-2.64060820,  1.60 
-2.64043459,  1.60 
-2.64026098,  1.60 
-2.64008737,  1.60 
-2.63991376,  1.60 
-2.63974015,  1.60 
-2.63956654,  1.61 
-2.63939293,  1.60 
-2.63921932,  1.60 
-2.63904571,  1.60 
-2.63887210,  1.59 
-2.63869849,  1.60 
-2.63852488,  1.60 
-2.63835127,  1.59 
-2.63817766,  1.61 
-2.63800405,  1.59 
-2.63783044,  1.59 
-2.63765683,  1.61 
-2.63748322,  1.60 
-2.63730961,  1.60 
-2.63713600,  1.61 
-2.63696239,  1.60 
-2.63678878,  1.60 
-2.63661517,  1.60 
-2.63644156,  1.59 
-2.63626795,  1.61 
-2.63609434,  1.59 
-2.63592073,  1.60 
-2.63574712,  1.60 
-2.63557351,  1.61 
-2.63539990,  1.60 
-2.63522629,  1.60 
-2.63505268,  1.60 
-2.63487907,  1.60 
-2.63470546,  1.60 
-2.63453185,  1.59 
-2.63435824,  1.60 
-2.63418463,  1.60 
-2.63401102,  1.59 
-2.63383741,  1.59 
-2.63366380,  1.59 
-2.63349019,  1.59 
-2.63331658,  1.60 
-2.63314297,  1.60 
-2.63296936,  1.59 
-2.63279575,  1.59 
-2.63262214,  1.60 
-2.63244853,  1.58 
-2.63227492,  1.59 
-2.63210131,  1.60 
-2.63192770,  1.60 
-2.63175409,  1.59 
-2.63158048,  1.59 
-2.63140687,  1.60 
-2.63123326,  1.59 
-2.63105965,  1.59 
-2.63088604,  1.58 
-2.63071243,  1.59 
-2.63053882,  1.58 
-2.63036521,  1.59 
-2.63019160,  1.59 
-2.63001799,  1.58 
-2.62984438,  1.58 
-2.62967077,  1.60 
-2.62949716,  1.59 
-2.62932355,  1.58 
-2.62914994,  1.58 
-2.62897633,  1.59 
-2.62880272,  1.59 
-2.62862911,  1.59 
-2.62845550,  1.58 
-2.62828189,  1.58 
-2.62810828,  1.57 
-2.62793467,  1.58 
-2.62776106,  1.57 
-2.62758745,  1.58 
-2.62741384,  1.58 
-2.62724023,  1.57 
-2.62706662,  1.58 
-2.62689301,  1.59 
-2.62671940,  1.57 
-2.62654579,  1.58 
-2.62637218,  1.58 
-2.62619857,  1.57 
-2.62602496,  1.57 
-2.62585135,  1.58 
-2.62567774,  1.57 
-2.62550413,  1.57 
-2.62533052,  1.57 
-2.62515691,  1.57 
-2.62498330,  1.56 
-2.62480969,  1.57 
-2.62463608,  1.57 
-2.62446247,  1.56 
-2.62428886,  1.56 
-2.62411525,  1.57 
-2.62394164,  1.57 
-2.62376803,  1.57 
-2.62359442,  1.57 
-2.62342081,  1.57 
-2.62324720,  1.56 
-2.62307359,  1.57 
-2.62289998,  1.56 
-2.62272637,  1.55 
-2.62255276,  1.56 
-2.62237915,  1.55 
-2.62220554,  1.56 
-2.62203193,  1.56 
-2.62185832,  1.57 
-2.62168471,  1.56 
-2.62151110,  1.56 
-2.62133749,  1.56 
-2.62116388,  1.55 
-2.62099027,  1.56 
-2.62081666,  1.56 
-2.62064305,  1.56 
-2.62046944,  1.56 
-2.62029583,  1.55 
-2.62012222,  1.54 
-2.61994861,  1.55 
-2.61977500,  1.55 
-2.61960139,  1.56 
-2.61942778,  1.55 
-2.61925417,  1.55 
-2.61908056,  1.54 
-2.61890695,  1.54 
-2.61873334,  1.53 
-2.61855973,  1.54 
-2.61838612,  1.54 
-2.61821251,  1.54 
-2.61803890,  1.53 
-2.61786529,  1.53 
-2.61769168,  1.54 
-2.61751807,  1.53 
-2.61734446,  1.54 
-2.61717085,  1.53 
-2.61699724,  1.54 
-2.61682363,  1.53 
-2.61665002,  1.53 
-2.61647641,  1.52 
-2.61630280,  1.53 
-2.61612919,  1.52 
-2.61595558,  1.52 
-2.61578197,  1.54 
-2.61560836,  1.52 
-2.61543475,  1.52 
-2.61526114,  1.52 
-2.61508753,  1.52 
-2.61491392,  1.52 
-2.61474031,  1.52 
-2.61456670,  1.51 
-2.61439309,  1.51 
-2.61421948,  1.51 
-2.61404587,  1.52 
-2.61387226,  1.51 
-2.61369865,  1.51 
-2.61352504,  1.51 
-2.61335143,  1.51 
-2.61317782,  1.51 
-2.61300421,  1.51 
-2.61283060,  1.51 
-2.61265699,  1.50 
-2.61248338,  1.49 
-2.61230977,  1.51 
-2.61213616,  1.49 
-2.61196255,  1.50 
-2.61178894,  1.49 
-2.61161533,  1.51 
-2.61144172,  1.50 
-2.61126811,  1.50 
-2.61109450,  1.49 
-2.61092089,  1.50 
-2.61074728,  1.48 
-2.61057367,  1.49 
-2.61040006,  1.50 
-2.61022645,  1.49 
-2.61005284,  1.49 
-2.60987923,  1.48 
-2.60970562,  1.50 
-2.60953201,  1.48 
-2.60935840,  1.49 
-2.60918479,  1.48 
-2.60901118,  1.48 
-2.60883757,  1.47 
-2.60866396,  1.47 
-2.60849035,  1.48 
-2.60831674,  1.47 
-2.60814313,  1.47 
-2.60796952,  1.48 
-2.60779591,  1.46 
-2.60762230,  1.46 
-2.60744869,  1.47 
-2.60727508,  1.47 
-2.60710147,  1.47 
-2.60692786,  1.46 
-2.60675425,  1.46 
-2.60658064,  1.45 
-2.60640703,  1.46 
-2.60623342,  1.46 
-2.60605981,  1.46 
-2.60588620,  1.45 
-2.60571259,  1.46 
-2.60553898,  1.44 
-2.60536537,  1.45 
-2.60519176,  1.45 
-2.60501815,  1.46 
-2.60484454,  1.45 
-2.60467093,  1.44 
-2.60449732,  1.45 
-2.60432371,  1.43 
-2.60415010,  1.44 
-2.60397649,  1.43 
-2.60380288,  1.44 
-2.60362927,  1.44 
-2.60345566,  1.43 
-2.60328205,  1.43 
-2.60310844,  1.43 
-2.60293483,  1.42 
-2.60276122,  1.43 
-2.60258761,  1.43 
-2.60241400,  1.43 
-2.60224039,  1.42 
-2.60206678,  1.42 
-2.60189317,  1.42 
-2.60171956,  1.42 
-2.60154595,  1.41 
-2.60137234,  1.42 
-2.60119873,  1.40 
-2.60102512,  1.41 
-2.60085151,  1.41 
-2.60067790,  1.41 
-2.60050429,  1.41 
-2.60033068,  1.41 
-2.60015707,  1.40 
-2.59998346,  1.40 
-2.59980985,  1.40 
-2.59963624,  1.39 
-2.59946263,  1.40 
-2.59928902,  1.39 
-2.59911541,  1.39 
-2.59894180,  1.39 
-2.59876819,  1.39 
-2.59859458,  1.39 
-2.59842097,  1.38 
-2.59824736,  1.38 
-2.59807375,  1.38 
-2.59790014,  1.39 
-2.59772653,  1.38 
-2.59755292,  1.37 
-2.59737931,  1.37 
-2.59720570,  1.39 
-2.59703209,  1.37 
-2.59685848,  1.36 
-2.59668487,  1.37 
-2.59651126,  1.37 
-2.59633765,  1.37 
-2.59616404,  1.35 
-2.59599043,  1.37 
-2.59581682,  1.36 
-2.59564321,  1.36 
-2.59546960,  1.36 
-2.59529599,  1.36 
-2.59512238,  1.34 
-2.59494877,  1.34 
-2.59477516,  1.34 
-2.59460155,  1.34 
-2.59442794,  1.34 
-2.59425433,  1.34 
-2.59408072,  1.34 
-2.59390711,  1.34 
-2.59373350,  1.34 
-2.59355989,  1.34 
-2.59338628,  1.33 
-2.59321267,  1.33 
-2.59303906,  1.33 
-2.59286545,  1.33 
-2.59269184,  1.32 
-2.59251823,  1.31 
-2.59234462,  1.31 
-2.59217101,  1.33 
-2.59199740,  1.31 
-2.59182379,  1.31 
-2.59165018,  1.32 
-2.59147657,  1.32 
-2.59130296,  1.30 
-2.59112935,  1.30 
-2.59095574,  1.30 
-2.59078213,  1.30 
-2.59060852,  1.30 
-2.59043491,  1.30 
-2.59026130,  1.30 
-2.59008769,  1.29 
-2.58991408,  1.29 
-2.58974047,  1.29 
-2.58956686,  1.29 
-2.58939325,  1.29 
-2.58921964,  1.27 
-2.58904603,  1.28 
-2.58887242,  1.28 
-2.58869881,  1.27 
-2.58852520,  1.27 
-2.58835159,  1.27 
-2.58817798,  1.27 
-2.58800437,  1.27 
-2.58783076,  1.26 
-2.58765715,  1.26 
-2.58748354,  1.26 
-2.58730993,  1.26 
-2.58713632,  1.26 
-2.58696271,  1.25 
-2.58678910,  1.25 
-2.58661549,  1.25 
-2.58644188,  1.25 
-2.58626827,  1.24 
-2.58609466,  1.24 
-2.58592105,  1.24 
-2.58574744,  1.24 
-2.58557383,  1.23 
-2.58540022,  1.24 
-2.58522661,  1.23 
-2.58505300,  1.22 
-2.58487939,  1.23 
-2.58470578,  1.22 
-2.58453217,  1.23 
-2.58435856,  1.22 
-2.58418495,  1.23 
-2.58401134,  1.21 
-2.58383773,  1.21 
-2.58366412,  1.21 
-2.58349051,  1.21 
-2.58331690,  1.21 
-2.58314329,  1.21 
-2.58296968,  1.20 
-2.58279607,  1.21 
-2.58262246,  1.19 
-2.58244885,  1.19 
-2.58227524,  1.19 
-2.58210163,  1.19 
-2.58192802,  1.19 
-2.58175441,  1.19 
-2.58158080,  1.19 
-2.58140719,  1.18 
-2.58123358,  1.19 
-2.58105997,  1.18 
-2.58088636,  1.18 
-2.58071275,  1.17 
-2.58053914,  1.17 
-2.58036553,  1.16 
-2.58019192,  1.16 
-2.58001831,  1.17 
-2.57984470,  1.16 
-2.57967109,  1.17 
-2.57949748,  1.15 
-2.57932387,  1.15 
-2.57915026,  1.16 
-2.57897665,  1.15 
-2.57880304,  1.14 
-2.57862943,  1.15 
-2.57845582,  1.14 
-2.57828221,  1.13 
-2.57810860,  1.14 
-2.57793499,  1.14 
-2.57776138,  1.13 
-2.57758777,  1.12 
-2.57741416,  1.13 
-2.57724055,  1.14 
-2.57706694,  1.12 
-2.57689333,  1.12 
-2.57671972,  1.13 
-2.57654611,  1.12 
-2.57637250,  1.11 
-2.57619889,  1.11 
-2.57602528,  1.11 
-2.57585167,  1.11 
-2.57567806,  1.10 
-2.57550445,  1.11 
-2.57533084,  1.10 
-2.57515723,  1.10 
-2.57498362,  1.10 
-2.57481001,  1.09 
-2.57463640,  1.09 
-2.57446279,  1.09 
-2.57428918,  1.08 
-2.57411557,  1.08 
-2.57394196,  1.08 
-2.57376835,  1.07 
-2.57359474,  1.07 
-2.57342113,  1.06 
-2.57324752,  1.07 
-2.57307391,  1.06 
-2.57290030,  1.06 
-2.57272669,  1.05 
-2.57255308,  1.06 
-2.57237947,  1.06 
-2.57220586,  1.06 
-2.57203225,  1.05 
-2.57185864,  1.05 
-2.57168503,  1.04 
-2.57151142,  1.03 
-2.57133781,  1.04 
-2.57116420,  1.04 
-2.57099059,  1.04 
-2.57081698,  1.03 
-2.57064337,  1.02 
-2.57046976,  1.02 
-2.57029615,  1.02 
-2.57012254,  1.03 
-2.56994893,  1.01 
-2.56977532,  1.01 
-2.56960171,  1.01 
-2.56942810,  1.00 
-2.56925449,  1.01 
-2.56908088,  1.00 
-2.56890727,  1.00 
-2.56873366,  0.99 
-2.56856005,  1.00 
-2.56838644,  0.99 
-2.56821283,  0.99 
-2.56803922,  0.98 
-2.56786561,  0.98 
-2.56769200,  0.98 
-2.56751839,  0.97 
-2.56734478,  0.97 
-2.56717117,  0.98 
-2.56699756,  0.96 
-2.56682395,  0.96 
-2.56665034,  0.96 
-2.56647673,  0.96 
-2.56630312,  0.96 
-2.56612951,  0.96 
-2.56595590,  0.95 
-2.56578229,  0.95 
-2.56560868,  0.95 
-2.56543507,  0.95 
-2.56526146,  0.94 
-2.56508785,  0.95 
-2.56491424,  0.94 
-2.56474063,  0.93 
-2.56456702,  0.92 
-2.56439341,  0.92 
-2.56421980,  0.93 
-2.56404619,  0.92 
-2.56387258,  0.92 
-2.56369897,  0.92 
-2.56352536,  0.92 
-2.56335175,  0.91 
-2.56317814,  0.91 
-2.56300453,  0.90 
-2.56283092,  0.91 
-2.56265731,  0.91 
-2.56248370,  0.90 
-2.56231009,  0.89 
-2.56213648,  0.89 
-2.56196287,  0.88 
-2.56178926,  0.89 
-2.56161565,  0.88 
-2.56144204,  0.88 
-2.56126843,  0.88 
-2.56109482,  0.87 
-2.56092121,  0.87 
-2.56074760,  0.87 
-2.56057399,  0.86 
-2.56040038,  0.87 
-2.56022677,  0.86 
-2.56005316,  0.86 
-2.55987955,  0.85 
-2.55970594,  0.85 
-2.55953233,  0.85 
-2.55935872,  0.84 
-2.55918511,  0.84 
-2.55901150,  0.84 
-2.55883789,  0.83 
-2.55866428,  0.83 
-2.55849067,  0.82 
-2.55831706,  0.83 
-2.55814345,  0.82 
-2.55796984,  0.82 
-2.55779623,  0.82 
-2.55762262,  0.82 
-2.55744901,  0.80 
-2.55727540,  0.80 
-2.55710179,  0.80 
-2.55692818,  0.80 
-2.55675457,  0.80 
-2.55658096,  0.79 
-2.55640735,  0.78 
-2.55623374,  0.80 
-2.55606013,  0.80 
-2.55588652,  0.78 
-2.55571291,  0.79 
-2.55553930,  0.78 
-2.55536569,  0.77 
-2.55519208,  0.77 
-2.55501847,  0.76 
-2.55484486,  0.77 
-2.55467125,  0.77 
-2.55449764,  0.76 
-2.55432403,  0.75 
-2.55415042,  0.75 
-2.55397681,  0.75 
-2.55380320,  0.74 
-2.55362959,  0.74 
-2.55345598,  0.73 
-2.55328237,  0.73 
-2.55310876,  0.74 
-2.55293515,  0.73 
-2.55276154,  0.73 
-2.55258793,  0.73 
-2.55241432,  0.72 
-2.55224071,  0.72 
-2.55206710,  0.72 
-2.55189349,  0.71 
-2.55171988,  0.72 
-2.55154627,  0.70 
-2.55137266,  0.70 
-2.55119905,  0.70 
-2.55102544,  0.69 
-2.55085183,  0.69 
-2.55067822,  0.70 
-2.55050461,  0.69 
-2.55033100,  0.68 
-2.55015739,  0.67 
-2.54998378,  0.68 
-2.54981017,  0.67 
-2.54963656,  0.66 
-2.54946295,  0.68 
-2.54928934,  0.67 
-2.54911573,  0.66 
-2.54894212,  0.66 
-2.54876851,  0.66 
-2.54859490,  0.65 
-2.54842129,  0.64 
-2.54824768,  0.64 
-2.54807407,  0.64 
-2.54790046,  0.64 
-2.54772685,  0.64 
-2.54755324,  0.62 
-2.54737963,  0.62 
-2.54720602,  0.62 
-2.54703241,  0.62 
-2.54685880,  0.62 
-2.54668519,  0.62 
-2.54651158,  0.61 
-2.54633797,  0.61 
-2.54616436,  0.60 
-2.54599075,  0.60 
-2.54581714,  0.60 
-2.54564353,  0.59 
-2.54546992,  0.60 
-2.54529631,  0.59 
-2.54512270,  0.59 
-2.54494909,  0.59 
-2.54477548,  0.58 
-2.54460187,  0.57 
-2.54442826,  0.56 
-2.54425465,  0.57 
-2.54408104,  0.57 
-2.54390743,  0.57 
-2.54373382,  0.55 
-2.54356021,  0.56 
-2.54338660,  0.56 
-2.54321299,  0.56 
-2.54303938,  0.55 
-2.54286577,  0.55 
-2.54269216,  0.54 
-2.54251855,  0.54 
-2.54234494,  0.53 
-2.54217133,  0.53 
-2.54199772,  0.53 
-2.54182411,  0.53 
-2.54165050,  0.53 
-2.54147689,  0.52 
-2.54130328,  0.52 
-2.54112967,  0.50 
-2.54095606,  0.51 
-2.54078245,  0.51 
-2.54060884,  0.51 
-2.54043523,  0.50 
-2.54026162,  0.49 
-2.54008801,  0.48 
-2.53991440,  0.48 
-2.53974079,  0.48 
-2.53956718,  0.49 
-2.53939357,  0.47 
-2.53921996,  0.48 
-2.53904635,  0.47 
-2.53887274,  0.46 
-2.53869913,  0.46 
-2.53852552,  0.46 
-2.53835191,  0.46 
-2.53817830,  0.46 
-2.53800469,  0.45 
-2.53783108,  0.44 
-2.53765747,  0.44 
-2.53748386,  0.44 
-2.53731025,  0.43 
-2.53713664,  0.43 
-2.53696303,  0.43 
-2.53678942,  0.43 
-2.53661581,  0.43 
-2.53644220,  0.42 
-2.53626859,  0.42 
-2.53609498,  0.42 
-2.53592137,  0.41 
-2.53574776,  0.40 
-2.53557415,  0.41 
-2.53540054,  0.41 
-2.53522693,  0.41 
-2.53505332,  0.39 
-2.53487971,  0.39 
-2.53470610,  0.39 
-2.53453249,  0.38 
-2.53435888,  0.38 
-2.53418527,  0.38 
-2.53401166,  0.37 
-2.53383805,  0.38 
-2.53366444,  0.37 
-2.53349083,  0.36 
-2.53331722,  0.36 
-2.53314361,  0.35 
-2.53297000,  0.35 
-2.53279639,  0.35 
-2.53262278,  0.35 
-2.53244917,  0.34 
-2.53227556,  0.35 
-2.53210195,  0.34 
-2.53192834,  0.33 
-2.53175473,  0.32 
-2.53158112,  0.33 
-2.53140751,  0.32 
-2.53123390,  0.32 
-2.53106029,  0.32 
-2.53088668,  0.31 
-2.53071307,  0.30 
-2.53053946,  0.31 
-2.53036585,  0.30 
-2.53019224,  0.30 
-2.53001863,  0.29 
-2.52984502,  0.29 
-2.52967141,  0.29 
-2.52949780,  0.27 
-2.52932419,  0.28 
-2.52915058,  0.28 
-2.52897697,  0.27 
-2.52880336,  0.27 
-2.52862975,  0.26 
-2.52845614,  0.26 
-2.52828253,  0.26 
-2.52810892,  0.26 
-2.52793531,  0.25 
-2.52776170,  0.26 
-2.52758809,  0.25 
-2.52741448,  0.24 
-2.52724087,  0.24 
-2.52706726,  0.23 
-2.52689365,  0.22 
-2.52672004,  0.23 
-2.52654643,  0.22 
-2.52637282,  0.22 
-2.52619921,  0.22 
-2.52602560,  0.22 
-2.52585199,  0.21 
-2.52567838,  0.21 
-2.52550477,  0.21 
-2.52533116,  0.20 
-2.52515755,  0.21 
-2.52498394,  0.19 
-2.52481033,  0.19 
-2.52463672,  0.19 
-2.52446311,  0.18 
-2.52428950,  0.18 
-2.52411589,  0.18 
-2.52394228,  0.18 
-2.52376867,  0.17 
-2.52359506,  0.17 
-2.52342145,  0.16 
-2.52324784,  0.16 
-2.52307423,  0.16 
-2.52290062,  0.15 
-2.52272701,  0.15 
-2.52255340,  0.15 
-2.52237979,  0.14 
-2.52220618,  0.14 
-2.52203257,  0.14 
-2.52185896,  0.13 
-2.52168535,  0.13 
-2.52151174,  0.12 
-2.52133813,  0.12 
-2.52116452,  0.12 
-2.52099091,  0.11 
-2.52081730,  0.11 
-2.52064369,  0.12 
-2.52047008,  0.10 
-2.52029647,  0.10 
-2.52012286,  0.10 
-2.51994925,  0.09 
-2.51977564,  0.09 
-2.51960203,  0.09 
-2.51942842,  0.10 
-2.51925481,  0.08 
-2.51908120,  0.07 
-2.51890759,  0.07 
-2.51873398,  0.08 
-2.51856037,  0.06 
-2.51838676,  0.06 
-2.51821315,  0.06 
-2.51803954,  0.06 
-2.51786593,  0.05 
-2.51769232,  0.05 
-2.51751871,  0.04 
-2.51734510,  0.04 
-2.51717149,  0.04 
-2.51699788,  0.03 
-2.51682427,  0.03 
-2.51665066,  0.02 
-2.51647705,  0.02 
-2.51630344,  0.02 
-2.51612983,  0.01 
-2.51595622,  0.02 
-2.51578261,  0.00 
-2.51560900,  0.01 
-2.51543539,  0.01 
-2.51526178,  0.00 
-2.51508817,  0.00 
-2.51491456,  0.00 
-2.51474095, -0.01 
-2.51456734, -0.01 
-2.51439373, -0.02 
-2.51422012, -0.01 
-2.51404651, -0.02 
-2.51387290, -0.03 
-2.51369929, -0.03 
-2.51352568, -0.03 
-2.51335207, -0.03 
-2.51317846, -0.04 
-2.51300485, -0.05 
-2.51283124, -0.04 
-2.51265763, -0.06 
-2.51248402, -0.06 
-2.51231041, -0.07 
-2.51213680, -0.06 
-2.51196319, -0.06 
-2.51178958, -0.06 
-2.51161597, -0.06 
-2.51144236, -0.08 
-2.51126875, -0.08 
-2.51109514, -0.08 
-2.51092153, -0.09 
-2.51074792, -0.08 
-2.51057431, -0.09 
-2.51040070, -0.09 
-2.51022709, -0.11 
-2.51005348, -0.10 
-2.50987987, -0.11 
-2.50970626, -0.10 
-2.50953265, -0.11 
-2.50935904, -0.11 
-2.50918543, -0.12 
-2.50901182, -0.13 
-2.50883821, -0.13 
-2.50866460, -0.13 
-2.50849099, -0.13 
-2.50831738, -0.14 
-2.50814377, -0.15 
-2.50797016, -0.14 
-2.50779655, -0.14 
-2.50762294, -0.15 
-2.50744933, -0.16 
-2.50727572, -0.16 
-2.50710211, -0.17 
-2.50692850, -0.16 
-2.50675489, -0.17 
-2.50658128, -0.17 
-2.50640767, -0.17 
-2.50623406, -0.18 
-2.50606045, -0.18 
-2.50588684, -0.19 
-2.50571323, -0.18 
-2.50553962, -0.19 
-2.50536601, -0.20 
-2.50519240, -0.20 
-2.50501879, -0.20 
-2.50484518, -0.20 
-2.50467157, -0.21 
-2.50449796, -0.21 
-2.50432435, -0.22 
-2.50415074, -0.21 
-2.50397713, -0.21 
-2.50380352, -0.23 
-2.50362991, -0.23 
-2.50345630, -0.23 
-2.50328269, -0.23 
-2.50310908, -0.25 
-2.50293547, -0.24 
-2.50276186, -0.24 
-2.50258825, -0.24 
-2.50241464, -0.25 
-2.50224103, -0.25 
-2.50206742, -0.26 
-2.50189381, -0.26 
-2.50172020, -0.27 
-2.50154659, -0.27 
-2.50137298, -0.28 
-2.50119937, -0.28 
-2.50102576, -0.28 
-2.50085215, -0.28 
-2.50067854, -0.29 
-2.50050493, -0.30 
-2.50033132, -0.29 
-2.50015771, -0.30 
-2.49998410, -0.30 
-2.49981049, -0.31 
-2.49963688, -0.31 
-2.49946327, -0.31 
-2.49928966, -0.31 
-2.49911605, -0.32 
-2.49894244, -0.32 
-2.49876883, -0.33 
-2.49859522, -0.32 
-2.49842161, -0.33 
-2.49824800, -0.33 
-2.49807439, -0.33 
-2.49790078, -0.34 
-2.49772717, -0.34 
-2.49755356, -0.34 
-2.49737995, -0.35 
-2.49720634, -0.36 
-2.49703273, -0.36 
-2.49685912, -0.36 
-2.49668551, -0.36 
-2.49651190, -0.37 
-2.49633829, -0.37 
-2.49616468, -0.38 
-2.49599107, -0.39 
-2.49581746, -0.39 
-2.49564385, -0.39 
-2.49547024, -0.39 
-2.49529663, -0.40 
-2.49512302, -0.40 
-2.49494941, -0.41 
-2.49477580, -0.41 
-2.49460219, -0.41 
-2.49442858, -0.41 
-2.49425497, -0.41 
-2.49408136, -0.42 
-2.49390775, -0.43 
-2.49373414, -0.43 
-2.49356053, -0.42 
-2.49338692, -0.43 
-2.49321331, -0.43 
-2.49303970, -0.43 
-2.49286609, -0.44 
-2.49269248, -0.45 
-2.49251887, -0.45 
-2.49234526, -0.45 
-2.49217165, -0.45 
-2.49199804, -0.46 
-2.49182443, -0.46 
-2.49165082, -0.46 
-2.49147721, -0.47 
-2.49130360, -0.47 
-2.49112999, -0.48 
-2.49095638, -0.48 
-2.49078277, -0.48 
-2.49060916, -0.49 
-2.49043555, -0.48 
-2.49026194, -0.49 
-2.49008833, -0.49 
-2.48991472, -0.50 
-2.48974111, -0.50 
-2.48956750, -0.50 
-2.48939389, -0.51 
-2.48922028, -0.50 
-2.48904667, -0.51 
-2.48887306, -0.51 
-2.48869945, -0.52 
-2.48852584, -0.52 
-2.48835223, -0.53 
-2.48817862, -0.54 
-2.48800501, -0.53 
-2.48783140, -0.54 
-2.48765779, -0.54 
-2.48748418, -0.53 
-2.48731057, -0.55 
-2.48713696, -0.55 
-2.48696335, -0.55 
-2.48678974, -0.55 
-2.48661613, -0.56 
-2.48644252, -0.57 
-2.48626891, -0.57 
-2.48609530, -0.57 
-2.48592169, -0.58 
-2.48574808, -0.57 
-2.48557447, -0.58 
-2.48540086, -0.58 
-2.48522725, -0.59 
-2.48505364, -0.59 
-2.48488003, -0.59 
-2.48470642, -0.60 
-2.48453281, -0.60 
-2.48435920, -0.60 
-2.48418559, -0.61 
-2.48401198, -0.61 
-2.48383837, -0.61 
-2.48366476, -0.61 
-2.48349115, -0.62 
-2.48331754, -0.63 
-2.48314393, -0.63 
-2.48297032, -0.64 
-2.48279671, -0.64 
-2.48262310, -0.63 
-2.48244949, -0.63 
-2.48227588, -0.65 
-2.48210227, -0.64 
-2.48192866, -0.66 
-2.48175505, -0.65 
-2.48158144, -0.65 
-2.48140783, -0.66 
-2.48123422, -0.66 
-2.48106061, -0.66 
-2.48088700, -0.66 
-2.48071339, -0.67 
-2.48053978, -0.68 
-2.48036617, -0.70 
-2.48019256, -0.69 
-2.48001895, -0.68 
-2.47984534, -0.69 
-2.47967173, -0.69 
-2.47949812, -0.69 
-2.47932451, -0.70 
-2.47915090, -0.70 
-2.47897729, -0.71 
-2.47880368, -0.70 
-2.47863007, -0.70 
-2.47845646, -0.71 
-2.47828285, -0.72 
-2.47810924, -0.72 
-2.47793563, -0.72 
-2.47776202, -0.72 
-2.47758841, -0.72 
-2.47741480, -0.73 
-2.47724119, -0.73 
-2.47706758, -0.73 
-2.47689397, -0.73 
-2.47672036, -0.74 
-2.47654675, -0.75 
-2.47637314, -0.75 
-2.47619953, -0.75 
-2.47602592, -0.76 
-2.47585231, -0.76 
-2.47567870, -0.76 
-2.47550509, -0.76 
-2.47533148, -0.77 
-2.47515787, -0.78 
-2.47498426, -0.77 
-2.47481065, -0.77 
-2.47463704, -0.78 
-2.47446343, -0.78 
-2.47428982, -0.78 
-2.47411621, -0.79 
-2.47394260, -0.79 
-2.47376899, -0.79 
-2.47359538, -0.80 
-2.47342177, -0.80 
-2.47324816, -0.80 
-2.47307455, -0.81 
-2.47290094, -0.81 
-2.47272733, -0.81 
-2.47255372, -0.82 
-2.47238011, -0.82 
-2.47220650, -0.81 
-2.47203289, -0.83 
-2.47185928, -0.82 
-2.47168567, -0.84 
-2.47151206, -0.83 
-2.47133845, -0.84 
-2.47116484, -0.84 
-2.47099123, -0.85 
-2.47081762, -0.85 
-2.47064401, -0.86 
-2.47047040, -0.85 
-2.47029679, -0.86 
-2.47012318, -0.86 
-2.46994957, -0.85 
-2.46977596, -0.86 
-2.46960235, -0.87 
-2.46942874, -0.88 
-2.46925513, -0.87 
-2.46908152, -0.88 
-2.46890791, -0.88 
-2.46873430, -0.87 
-2.46856069, -0.89 
-2.46838708, -0.88 
-2.46821347, -0.90 
-2.46803986, -0.89 
-2.46786625, -0.88 
-2.46769264, -0.90 
-2.46751903, -0.90 
-2.46734542, -0.91 
-2.46717181, -0.90 
-2.46699820, -0.91 
-2.46682459, -0.92 
-2.46665098, -0.92 
-2.46647737, -0.92 
-2.46630376, -0.92 
-2.46613015, -0.92 
-2.46595654, -0.93 
-2.46578293, -0.93 
-2.46560932, -0.92 
-2.46543571, -0.93 
-2.46526210, -0.94 
-2.46508849, -0.93 
-2.46491488, -0.94 
-2.46474127, -0.95 
-2.46456766, -0.94 
-2.46439405, -0.95 
-2.46422044, -0.95 
-2.46404683, -0.97 
-2.46387322, -0.97 
-2.46369961, -0.97 
-2.46352600, -0.97 
-2.46335239, -0.97 
-2.46317878, -0.98 
-2.46300517, -0.97 
-2.46283156, -0.98 
-2.46265795, -0.97 
-2.46248434, -0.98 
-2.46231073, -0.99 
-2.46213712, -0.99 
-2.46196351, -0.99 
-2.46178990, -0.99 
-2.46161629, -1.00 
-2.46144268, -1.01 
-2.46126907, -1.00 
-2.46109546, -1.00 
-2.46092185, -1.00 
-2.46074824, -1.01 
-2.46057463, -1.01 
-2.46040102, -1.02 
-2.46022741, -1.02 
-2.46005380, -1.02 
-2.45988019, -1.02 
-2.45970658, -1.03 
-2.45953297, -1.02 
-2.45935936, -1.04 
-2.45918575, -1.03 
-2.45901214, -1.03 
-2.45883853, -1.04 
-2.45866492, -1.05 
-2.45849131, -1.05 
-2.45831770, -1.04 
-2.45814409, -1.05 
-2.45797048, -1.05 
-2.45779687, -1.06 
-2.45762326, -1.06 
-2.45744965, -1.06 
-2.45727604, -1.06 
-2.45710243, -1.07 
-2.45692882, -1.07 
-2.45675521, -1.07 
-2.45658160, -1.08 
-2.45640799, -1.08 
-2.45623438, -1.08 
-2.45606077, -1.08 
-2.45588716, -1.09 
-2.45571355, -1.08 
-2.45553994, -1.09 
-2.45536633, -1.09 
-2.45519272, -1.09 
-2.45501911, -1.10 
-2.45484550, -1.09 
-2.45467189, -1.11 
-2.45449828, -1.11 
-2.45432467, -1.10 
-2.45415106, -1.12 
-2.45397745, -1.12 
-2.45380384, -1.11 
-2.45363023, -1.12 
-2.45345662, -1.12 
-2.45328301, -1.12 
-2.45310940, -1.12 
-2.45293579, -1.13 
-2.45276218, -1.14 
-2.45258857, -1.13 
-2.45241496, -1.13 
-2.45224135, -1.13 
-2.45206774, -1.14 
-2.45189413, -1.14 
-2.45172052, -1.14 
-2.45154691, -1.15 
-2.45137330, -1.14 
-2.45119969, -1.16 
-2.45102608, -1.15 
-2.45085247, -1.17 
-2.45067886, -1.16 
-2.45050525, -1.17 
-2.45033164, -1.15 
-2.45015803, -1.16 
-2.44998442, -1.17 
-2.44981081, -1.17 
-2.44963720, -1.17 
-2.44946359, -1.18 
-2.44928998, -1.18 
-2.44911637, -1.18 
-2.44894276, -1.19 
-2.44876915, -1.19 
-2.44859554, -1.19 
-2.44842193, -1.19 
-2.44824832, -1.19 
-2.44807471, -1.20 
-2.44790110, -1.19 
-2.44772749, -1.20 
-2.44755388, -1.19 
-2.44738027, -1.20 
-2.44720666, -1.21 
-2.44703305, -1.21 
-2.44685944, -1.21 
-2.44668583, -1.21 
-2.44651222, -1.22 
-2.44633861, -1.21 
-2.44616500, -1.23 
-2.44599139, -1.23 
-2.44581778, -1.22 
-2.44564417, -1.22 
-2.44547056, -1.22 
-2.44529695, -1.23 
-2.44512334, -1.22 
-2.44494973, -1.23 
-2.44477612, -1.24 
-2.44460251, -1.23 
-2.44442890, -1.24 
-2.44425529, -1.25 
-2.44408168, -1.25 
-2.44390807, -1.25 
-2.44373446, -1.25 
-2.44356085, -1.26 
-2.44338724, -1.24 
-2.44321363, -1.25 
-2.44304002, -1.26 
-2.44286641, -1.27 
-2.44269280, -1.26 
-2.44251919, -1.27 
-2.44234558, -1.27 
-2.44217197, -1.27 
-2.44199836, -1.28 
-2.44182475, -1.26 
-2.44165114, -1.28 
-2.44147753, -1.28 
-2.44130392, -1.28 
-2.44113031, -1.28 
-2.44095670, -1.29 
-2.44078309, -1.29 
-2.44060948, -1.29 
-2.44043587, -1.29 
-2.44026226, -1.29 
-2.44008865, -1.30 
-2.43991504, -1.29 
-2.43974143, -1.30 
-2.43956782, -1.30 
-2.43939421, -1.30 
-2.43922060, -1.30 
-2.43904699, -1.30 
-2.43887338, -1.31 
-2.43869977, -1.31 
-2.43852616, -1.31 
-2.43835255, -1.31 
-2.43817894, -1.32 
-2.43800533, -1.32 
-2.43783172, -1.32 
-2.43765811, -1.32 
-2.43748450, -1.32 
-2.43731089, -1.32 
-2.43713728, -1.33 
-2.43696367, -1.34 
-2.43679006, -1.33 
-2.43661645, -1.34 
-2.43644284, -1.33 
-2.43626923, -1.35 
-2.43609562, -1.34 
-2.43592201, -1.34 
-2.43574840, -1.35 
-2.43557479, -1.34 
-2.43540118, -1.35 
-2.43522757, -1.34 
-2.43505396, -1.35 
-2.43488035, -1.36 
-2.43470674, -1.37 
-2.43453313, -1.35 
-2.43435952, -1.36 
-2.43418591, -1.37 
-2.43401230, -1.37 
-2.43383869, -1.37 
-2.43366508, -1.37 
-2.43349147, -1.36 
-2.43331786, -1.37 
-2.43314425, -1.37 
-2.43297064, -1.38 
-2.43279703, -1.37 
-2.43262342, -1.38 
-2.43244981, -1.38 
-2.43227620, -1.38 
-2.43210259, -1.39 
-2.43192898, -1.39 
-2.43175537, -1.39 
-2.43158176, -1.39 
-2.43140815, -1.39 
-2.43123454, -1.39 
-2.43106093, -1.40 
-2.43088732, -1.39 
-2.43071371, -1.39 
-2.43054010, -1.40 
-2.43036649, -1.40 
-2.43019288, -1.41 
-2.43001927, -1.40 
-2.42984566, -1.41 
-2.42967205, -1.40 
-2.42949844, -1.41 
-2.42932483, -1.41 
-2.42915122, -1.42 
-2.42897761, -1.41 
-2.42880400, -1.42 
-2.42863039, -1.42 
-2.42845678, -1.42 
-2.42828317, -1.43 
-2.42810956, -1.42 
-2.42793595, -1.43 
-2.42776234, -1.41 
-2.42758873, -1.42 
-2.42741512, -1.43 
-2.42724151, -1.44 
-2.42706790, -1.43 
-2.42689429, -1.43 
-2.42672068, -1.43 
-2.42654707, -1.43 
-2.42637346, -1.43 
-2.42619985, -1.43 
-2.42602624, -1.45 
-2.42585263, -1.43 
-2.42567902, -1.45 
-2.42550541, -1.45 
-2.42533180, -1.44 
-2.42515819, -1.46 
-2.42498458, -1.45 
-2.42481097, -1.45 
-2.42463736, -1.45 
-2.42446375, -1.44 
-2.42429014, -1.45 
-2.42411653, -1.46 
-2.42394292, -1.46 
-2.42376931, -1.46 
-2.42359570, -1.47 
-2.42342209, -1.46 
-2.42324848, -1.45 
-2.42307487, -1.47 
-2.42290126, -1.46 
-2.42272765, -1.47 
-2.42255404, -1.47 
-2.42238043, -1.47 
-2.42220682, -1.47 
-2.42203321, -1.47 
-2.42185960, -1.48 
-2.42168599, -1.48 
-2.42151238, -1.48 
-2.42133877, -1.47 
-2.42116516, -1.47 
-2.42099155, -1.48 
-2.42081794, -1.48 
-2.42064433, -1.48 
-2.42047072, -1.48 
-2.42029711, -1.48 
-2.42012350, -1.50 
-2.41994989, -1.49 
-2.41977628, -1.49 
-2.41960267, -1.48 
-2.41942906, -1.49 
-2.41925545, -1.49 
-2.41908184, -1.50 
-2.41890823, -1.50 
-2.41873462, -1.50 
-2.41856101, -1.49 
-2.41838740, -1.49 
-2.41821379, -1.51 
-2.41804018, -1.50 
-2.41786657, -1.51 
-2.41769296, -1.51 
-2.41751935, -1.50 
-2.41734574, -1.50 
-2.41717213, -1.51 
-2.41699852, -1.51 
-2.41682491, -1.51 
-2.41665130, -1.51 
-2.41647769, -1.52 
-2.41630408, -1.51 
-2.41613047, -1.52 
-2.41595686, -1.51 
-2.41578325, -1.52 
-2.41560964, -1.52 
-2.41543603, -1.52 
-2.41526242, -1.52 
-2.41508881, -1.53 
-2.41491520, -1.53 
-2.41474159, -1.51 
-2.41456798, -1.52 
-2.41439437, -1.52 
-2.41422076, -1.53 
-2.41404715, -1.53 
-2.41387354, -1.52 
-2.41369993, -1.53 
-2.41352632, -1.53 
-2.41335271, -1.54 
-2.41317910, -1.53 
-2.41300549, -1.53 
-2.41283188, -1.54 
-2.41265827, -1.53 
-2.41248466, -1.53 
-2.41231105, -1.54 
-2.41213744, -1.54 
-2.41196383, -1.54 
-2.41179022, -1.54 
-2.41161661, -1.54 
-2.41144300, -1.54 
-2.41126939, -1.54 
-2.41109578, -1.55 
-2.41092217, -1.54 
-2.41074856, -1.55 
-2.41057495, -1.54 
-2.41040134, -1.55 
-2.41022773, -1.55 
-2.41005412, -1.54 
-2.40988051, -1.56 
-2.40970690, -1.55 
-2.40953329, -1.55 
-2.40935968, -1.56 
-2.40918607, -1.55 
-2.40901246, -1.55 
-2.40883885, -1.56 
-2.40866524, -1.55 
-2.40849163, -1.55 
-2.40831802, -1.56 
-2.40814441, -1.57 
-2.40797080, -1.56 
-2.40779719, -1.56 
-2.40762358, -1.57 
-2.40744997, -1.55 
-2.40727636, -1.56 
-2.40710275, -1.55 
-2.40692914, -1.56 
-2.40675553, -1.56 
-2.40658192, -1.57 
-2.40640831, -1.57 
-2.40623470, -1.57 
-2.40606109, -1.57 
-2.40588748, -1.57 
-2.40571387, -1.58 
-2.40554026, -1.58 
-2.40536665, -1.56 
-2.40519304, -1.58 
-2.40501943, -1.58 
-2.40484582, -1.57 
-2.40467221, -1.57 
-2.40449860, -1.58 
-2.40432499, -1.57 
-2.40415138, -1.58 
-2.40397777, -1.58 
-2.40380416, -1.58 
-2.40363055, -1.58 
-2.40345694, -1.57 
-2.40328333, -1.57 
-2.40310972, -1.57 
-2.40293611, -1.58 
-2.40276250, -1.57 
-2.40258889, -1.57 
-2.40241528, -1.58 
-2.40224167, -1.58 
-2.40206806, -1.58 
-2.40189445, -1.59 
-2.40172084, -1.58 
-2.40154723, -1.59 
-2.40137362, -1.59 
-2.40120001, -1.58 
-2.40102640, -1.59 
-2.40085279, -1.58 
-2.40067918, -1.59 
-2.40050557, -1.59 
-2.40033196, -1.59 
-2.40015835, -1.59 
-2.39998474, -1.58 
-2.39981113, -1.59 
-2.39963752, -1.58 
-2.39946391, -1.59 
-2.39929030, -1.59 
-2.39911669, -1.59 
-2.39894308, -1.59 
-2.39876947, -1.60 
-2.39859586, -1.58 
-2.39842225, -1.60 
-2.39824864, -1.59 
-2.39807503, -1.60 
-2.39790142, -1.60 
-2.39772781, -1.60 
-2.39755420, -1.58 
-2.39738059, -1.60 
-2.39720698, -1.59 
-2.39703337, -1.60 
-2.39685976, -1.60 
-2.39668615, -1.59 
-2.39651254, -1.61 
-2.39633893, -1.61 
-2.39616532, -1.60 
-2.39599171, -1.59 
-2.39581810, -1.59 
-2.39564449, -1.60 
-2.39547088, -1.60 
-2.39529727, -1.58 
-2.39512366, -1.60 
-2.39495005, -1.59 
-2.39477644, -1.59 
-2.39460283, -1.59 
-2.39442922, -1.59 
-2.39425561, -1.60 
-2.39408200, -1.60 
-2.39390839, -1.60 
-2.39373478, -1.61 
-2.39356117, -1.59 
-2.39338756, -1.59 
-2.39321395, -1.60 
-2.39304034, -1.59 
-2.39286673, -1.60 
-2.39269312, -1.60 
-2.39251951, -1.60 
-2.39234590, -1.61 
-2.39217229, -1.60 
-2.39199868, -1.60 
-2.39182507, -1.59 
-2.39165146, -1.60 
-2.39147785, -1.61 
-2.39130424, -1.60 
-2.39113063, -1.60 
-2.39095702, -1.61 
-2.39078341, -1.60 
-2.39060980, -1.60 
-2.39043619, -1.59 
-2.39026258, -1.60 
-2.39008897, -1.61 
-2.38991536, -1.60 
-2.38974175, -1.60 
-2.38956814, -1.60 
-2.38939453, -1.59 
-2.38922092, -1.60 
-2.38904731, -1.60 
-2.38887370, -1.60 
-2.38870009, -1.60 
-2.38852648, -1.60 
-2.38835287, -1.61 
-2.38817926, -1.60 
-2.38800565, -1.59 
-2.38783204, -1.61 
-2.38765843, -1.59 
-2.38748482, -1.60 
-2.38731121, -1.60 
-2.38713760, -1.60 
-2.38696399, -1.60 
-2.38679038, -1.60 
-2.38661677, -1.61 
-2.38644316, -1.60 
-2.38626955, -1.61 
-2.38609594, -1.61 
-2.38592233, -1.61 
-2.38574872, -1.59 
-2.38557511, -1.60 
-2.38540150, -1.60 
-2.38522789, -1.59 
-2.38505428, -1.59 
-2.38488067, -1.59 
-2.38470706, -1.60 
-2.38453345, -1.59 
-2.38435984, -1.60 
-2.38418623, -1.59 
-2.38401262, -1.59 
-2.38383901, -1.60 
-2.38366540, -1.59 
-2.38349179, -1.59 
-2.38331818, -1.60 
-2.38314457, -1.59 
-2.38297096, -1.60 
-2.38279735, -1.60 
-2.38262374, -1.59 
-2.38245013, -1.59 
-2.38227652, -1.60 
-2.38210291, -1.59 
-2.38192930, -1.59 
-2.38175569, -1.60 
-2.38158208, -1.59 
-2.38140847, -1.59 
-2.38123486, -1.59 
-2.38106125, -1.59 
-2.38088764, -1.58 
-2.38071403, -1.59 
-2.38054042, -1.59 
-2.38036681, -1.59 
-2.38019320, -1.59 
-2.38001959, -1.59 
-2.37984598, -1.58 
-2.37967237, -1.58 
-2.37949876, -1.58 
-2.37932515, -1.59 
-2.37915154, -1.59 
-2.37897793, -1.58 
-2.37880432, -1.58 
-2.37863071, -1.59 
-2.37845710, -1.59 
-2.37828349, -1.59 
-2.37810988, -1.58 
-2.37793627, -1.58 
-2.37776266, -1.57 
-2.37758905, -1.59 
-2.37741544, -1.58 
-2.37724183, -1.58 
-2.37706822, -1.57 
-2.37689461, -1.58 
-2.37672100, -1.58 
-2.37654739, -1.58 
-2.37637378, -1.58 
-2.37620017, -1.58 
-2.37602656, -1.58 
-2.37585295, -1.58 
-2.37567934, -1.58 
-2.37550573, -1.56 
-2.37533212, -1.56 
-2.37515851, -1.58 
-2.37498490, -1.56 
-2.37481129, -1.57 
-2.37463768, -1.57 
-2.37446407, -1.56 
-2.37429046, -1.57 
-2.37411685, -1.57 
-2.37394324, -1.56 
-2.37376963, -1.55 
-2.37359602, -1.57 
-2.37342241, -1.56 
-2.37324880, -1.56 
-2.37307519, -1.56 
-2.37290158, -1.56 
-2.37272797, -1.56 
-2.37255436, -1.56 
-2.37238075, -1.57 
-2.37220714, -1.56 
-2.37203353, -1.56 
-2.37185992, -1.56 
-2.37168631, -1.56 
-2.37151270, -1.56 
-2.37133909, -1.56 
-2.37116548, -1.56 
-2.37099187, -1.56 
-2.37081826, -1.56 
-2.37064465, -1.55 
-2.37047104, -1.55 
-2.37029743, -1.55 
-2.37012382, -1.55 
-2.36995021, -1.55 
-2.36977660, -1.55 
-2.36960299, -1.54 
-2.36942938, -1.54 
-2.36925577, -1.54 
-2.36908216, -1.55 
-2.36890855, -1.55 
-2.36873494, -1.54 
-2.36856133, -1.53 
-2.36838772, -1.54 
-2.36821411, -1.54 
-2.36804050, -1.54 
-2.36786689, -1.54 
-2.36769328, -1.53 
-2.36751967, -1.54 
-2.36734606, -1.54 
-2.36717245, -1.53 
-2.36699884, -1.54 
-2.36682523, -1.53 
-2.36665162, -1.53 
-2.36647801, -1.53 
-2.36630440, -1.52 
-2.36613079, -1.53 
-2.36595718, -1.52 
-2.36578357, -1.53 
-2.36560996, -1.52 
-2.36543635, -1.53 
-2.36526274, -1.52 
-2.36508913, -1.52 
-2.36491552, -1.53 
-2.36474191, -1.52 
-2.36456830, -1.53 
-2.36439469, -1.52 
-2.36422108, -1.52 
-2.36404747, -1.51 
-2.36387386, -1.52 
-2.36370025, -1.51 
-2.36352664, -1.51 
-2.36335303, -1.51 
-2.36317942, -1.51 
-2.36300581, -1.50 
-2.36283220, -1.50 
-2.36265859, -1.50 
-2.36248498, -1.51 
-2.36231137, -1.49 
-2.36213776, -1.50 
-2.36196415, -1.50 
-2.36179054, -1.51 
-2.36161693, -1.50 
-2.36144332, -1.50 
-2.36126971, -1.50 
-2.36109610, -1.51 
-2.36092249, -1.50 
-2.36074888, -1.49 
-2.36057527, -1.50 
-2.36040166, -1.49 
-2.36022805, -1.49 
-2.36005444, -1.49 
-2.35988083, -1.49 
-2.35970722, -1.48 
-2.35953361, -1.48 
-2.35936000, -1.48 
-2.35918639, -1.48 
-2.35901278, -1.47 
-2.35883917, -1.49 
-2.35866556, -1.48 
-2.35849195, -1.47 
-2.35831834, -1.47 
-2.35814473, -1.48 
-2.35797112, -1.47 
-2.35779751, -1.47 
-2.35762390, -1.47 
-2.35745029, -1.47 
-2.35727668, -1.47 
-2.35710307, -1.47 
-2.35692946, -1.45 
-2.35675585, -1.46 
-2.35658224, -1.46 
-2.35640863, -1.45 
-2.35623502, -1.46 
-2.35606141, -1.45 
-2.35588780, -1.45 
-2.35571419, -1.46 
-2.35554058, -1.45 
-2.35536697, -1.45 
-2.35519336, -1.45 
-2.35501975, -1.44 
-2.35484614, -1.44 
-2.35467253, -1.44 
-2.35449892, -1.43 
-2.35432531, -1.44 
-2.35415170, -1.45 
-2.35397809, -1.44 
-2.35380448, -1.43 
-2.35363087, -1.43 
-2.35345726, -1.43 
-2.35328365, -1.43 
-2.35311004, -1.44 
-2.35293643, -1.43 
-2.35276282, -1.43 
-2.35258921, -1.43 
-2.35241560, -1.43 
-2.35224199, -1.42 
-2.35206838, -1.42 
-2.35189477, -1.42 
-2.35172116, -1.41 
-2.35154755, -1.42 
-2.35137394, -1.41 
-2.35120033, -1.40 
-2.35102672, -1.42 
-2.35085311, -1.41 
-2.35067950, -1.41 
-2.35050589, -1.40 
-2.35033228, -1.41 
-2.35015867, -1.40 
-2.34998506, -1.39 
-2.34981145, -1.40 
-2.34963784, -1.39 
-2.34946423, -1.39 
-2.34929062, -1.38 
-2.34911701, -1.39 
-2.34894340, -1.39 
-2.34876979, -1.40 
-2.34859618, -1.38 
-2.34842257, -1.39 
-2.34824896, -1.38 
-2.34807535, -1.38 
-2.34790174, -1.39 
-2.34772813, -1.37 
-2.34755452, -1.38 
-2.34738091, -1.38 
-2.34720730, -1.37 
-2.34703369, -1.37 
-2.34686008, -1.38 
-2.34668647, -1.37 
-2.34651286, -1.37 
-2.34633925, -1.36 
-2.34616564, -1.37 
-2.34599203, -1.37 
-2.34581842, -1.36 
-2.34564481, -1.36 
-2.34547120, -1.35 
-2.34529759, -1.36 
-2.34512398, -1.35 
-2.34495037, -1.34 
-2.34477676, -1.35 
-2.34460315, -1.34 
-2.34442954, -1.33 
-2.34425593, -1.35 
-2.34408232, -1.34 
-2.34390871, -1.34 
-2.34373510, -1.33 
-2.34356149, -1.33 
-2.34338788, -1.33 
-2.34321427, -1.33 
-2.34304066, -1.33 
-2.34286705, -1.32 
-2.34269344, -1.33 
-2.34251983, -1.32 
-2.34234622, -1.32 
-2.34217261, -1.32 
-2.34199900, -1.33 
-2.34182539, -1.32 
-2.34165178, -1.32 
-2.34147817, -1.31 
-2.34130456, -1.31 
-2.34113095, -1.31 
-2.34095734, -1.31 
-2.34078373, -1.31 
-2.34061012, -1.31 
-2.34043651, -1.30 
-2.34026290, -1.31 
-2.34008929, -1.30 
-2.33991568, -1.29 
-2.33974207, -1.30 
-2.33956846, -1.29 
-2.33939485, -1.29 
-2.33922124, -1.28 
-2.33904763, -1.29 
-2.33887402, -1.28 
-2.33870041, -1.27 
-2.33852680, -1.27 
-2.33835319, -1.28 
-2.33817958, -1.28 
-2.33800597, -1.28 
-2.33783236, -1.27 
-2.33765875, -1.26 
-2.33748514, -1.26 
-2.33731153, -1.25 
-2.33713792, -1.26 
-2.33696431, -1.25 
-2.33679070, -1.26 
-2.33661709, -1.25 
-2.33644348, -1.24 
-2.33626987, -1.25 
-2.33609626, -1.24 
-2.33592265, -1.23 
-2.33574904, -1.24 
-2.33557543, -1.24 
-2.33540182, -1.24 
-2.33522821, -1.24 
-2.33505460, -1.24 
-2.33488099, -1.23 
-2.33470738, -1.23 
-2.33453377, -1.23 
-2.33436016, -1.22 
-2.33418655, -1.22 
-2.33401294, -1.21 
-2.33383933, -1.22 
-2.33366572, -1.22 
-2.33349211, -1.21 
-2.33331850, -1.21 
-2.33314489, -1.21 
-2.33297128, -1.21 
-2.33279767, -1.20 
-2.33262406, -1.20 
-2.33245045, -1.21 
-2.33227684, -1.20 
-2.33210323, -1.20 
-2.33192962, -1.19 
-2.33175601, -1.19 
-2.33158240, -1.18 
-2.33140879, -1.18 
-2.33123518, -1.19 
-2.33106157, -1.18 
-2.33088796, -1.17 
-2.33071435, -1.16 
-2.33054074, -1.17 
-2.33036713, -1.17 
-2.33019352, -1.17 
-2.33001991, -1.16 
-2.32984630, -1.16 
-2.32967269, -1.16 
-2.32949908, -1.15 
-2.32932547, -1.16 
-2.32915186, -1.15 
-2.32897825, -1.15 
-2.32880464, -1.15 
-2.32863103, -1.14 
-2.32845742, -1.14 
-2.32828381, -1.15 
-2.32811020, -1.14 
-2.32793659, -1.14 
-2.32776298, -1.13 
-2.32758937, -1.14 
-2.32741576, -1.13 
-2.32724215, -1.12 
-2.32706854, -1.12 
-2.32689493, -1.12 
-2.32672132, -1.11 
-2.32654771, -1.11 
-2.32637410, -1.11 
-2.32620049, -1.12 
-2.32602688, -1.10 
-2.32585327, -1.11 
-2.32567966, -1.11 
-2.32550605, -1.10 
-2.32533244, -1.09 
-2.32515883, -1.10 
-2.32498522, -1.09 
-2.32481161, -1.08 
-2.32463800, -1.09 
-2.32446439, -1.09 
-2.32429078, -1.08 
-2.32411717, -1.08 
-2.32394356, -1.08 
-2.32376995, -1.07 
-2.32359634, -1.08 
-2.32342273, -1.07 
-2.32324912, -1.06 
-2.32307551, -1.06 
-2.32290190, -1.07 
-2.32272829, -1.06 
-2.32255468, -1.06 
-2.32238107, -1.04 
-2.32220746, -1.05 
-2.32203385, -1.05 
-2.32186024, -1.05 
-2.32168663, -1.05 
-2.32151302, -1.04 
-2.32133941, -1.04 
-2.32116580, -1.03 
-2.32099219, -1.04 
-2.32081858, -1.02 
-2.32064497, -1.03 
-2.32047136, -1.02 
-2.32029775, -1.02 
-2.32012414, -1.03 
-2.31995053, -1.02 
-2.31977692, -1.02 
-2.31960331, -1.01 
-2.31942970, -1.00 
-2.31925609, -1.00 
-2.31908248, -0.99 
-2.31890887, -1.00 
-2.31873526, -0.99 
-2.31856165, -1.00 
-2.31838804, -0.99 
-2.31821443, -0.99 
-2.31804082, -0.99 
-2.31786721, -0.99 
-2.31769360, -0.97 
-2.31751999, -0.97 
-2.31734638, -0.98 
-2.31717277, -0.97 
-2.31699916, -0.97 
-2.31682555, -0.97 
-2.31665194, -0.96 
-2.31647833, -0.97 
-2.31630472, -0.95 
-2.31613111, -0.96 
-2.31595750, -0.96 
-2.31578389, -0.95 
-2.31561028, -0.95 
-2.31543667, -0.95 
-2.31526306, -0.93 
-2.31508945, -0.94 
-2.31491584, -0.94 
-2.31474223, -0.93 
-2.31456862, -0.93 
-2.31439501, -0.92 
-2.31422140, -0.93 
-2.31404779, -0.93 
-2.31387418, -0.92 
-2.31370057, -0.92 
-2.31352696, -0.93 
-2.31335335, -0.91 
-2.31317974, -0.91 
-2.31300613, -0.91 
-2.31283252, -0.90 
-2.31265891, -0.90 
-2.31248530, -0.90 
-2.31231169, -0.90 
-2.31213808, -0.89 
-2.31196447, -0.89 
-2.31179086, -0.89 
-2.31161725, -0.89 
-2.31144364, -0.88 
-2.31127003, -0.88 
-2.31109642, -0.87 
-2.31092281, -0.87 
-2.31074920, -0.86 
-2.31057559, -0.86 
-2.31040198, -0.86 
-2.31022837, -0.86 
-2.31005476, -0.86 
-2.30988115, -0.85 
-2.30970754, -0.85 
-2.30953393, -0.84 
-2.30936032, -0.84 
-2.30918671, -0.84 
-2.30901310, -0.85 
-2.30883949, -0.83 
-2.30866588, -0.83 
-2.30849227, -0.82 
-2.30831866, -0.83 
-2.30814505, -0.83 
-2.30797144, -0.82 
-2.30779783, -0.82 
-2.30762422, -0.82 
-2.30745061, -0.81 
-2.30727700, -0.81 
-2.30710339, -0.80 
-2.30692978, -0.79 
-2.30675617, -0.81 
-2.30658256, -0.79 
-2.30640895, -0.79 
-2.30623534, -0.79 
-2.30606173, -0.78 
-2.30588812, -0.77 
-2.30571451, -0.78 
-2.30554090, -0.78 
-2.30536729, -0.77 
-2.30519368, -0.78 
-2.30502007, -0.77 
-2.30484646, -0.77 
-2.30467285, -0.77 
-2.30449924, -0.76 
-2.30432563, -0.77 
-2.30415202, -0.75 
-2.30397841, -0.75 
-2.30380480, -0.75 
-2.30363119, -0.75 
-2.30345758, -0.75 
-2.30328397, -0.74 
-2.30311036, -0.74 
-2.30293675, -0.73 
-2.30276314, -0.72 
-2.30258953, -0.73 
-2.30241592, -0.72 
-2.30224231, -0.71 
-2.30206870, -0.72 
-2.30189509, -0.72 
-2.30172148, -0.71 
-2.30154787, -0.70 
-2.30137426, -0.71 
-2.30120065, -0.70 
-2.30102704, -0.69 
-2.30085343, -0.69 
-2.30067982, -0.70 
-2.30050621, -0.69 
-2.30033260, -0.69 
-2.30015899, -0.69 
-2.29998538, -0.68 
-2.29981177, -0.67 
-2.29963816, -0.66 
-2.29946455, -0.66 
-2.29929094, -0.67 
-2.29911733, -0.66 
-2.29894372, -0.66 
-2.29877011, -0.65 
-2.29859650, -0.65 
-2.29842289, -0.65 
-2.29824928, -0.65 
-2.29807567, -0.65 
-2.29790206, -0.64 
-2.29772845, -0.64 
-2.29755484, -0.63 
-2.29738123, -0.63 
-2.29720762, -0.63 
-2.29703401, -0.63 
-2.29686040, -0.62 
-2.29668679, -0.62 
-2.29651318, -0.61 
-2.29633957, -0.61 
-2.29616596, -0.60 
-2.29599235, -0.61 
-2.29581874, -0.61 
-2.29564513, -0.59 
-2.29547152, -0.59 
-2.29529791, -0.59 
-2.29512430, -0.59 
-2.29495069, -0.59 
-2.29477708, -0.58 
-2.29460347, -0.59 
-2.29442986, -0.57 
-2.29425625, -0.57 
-2.29408264, -0.57 
-2.29390903, -0.56 
-2.29373542, -0.55 
-2.29356181, -0.57 
-2.29338820, -0.56 
-2.29321459, -0.55 
-2.29304098, -0.55 
-2.29286737, -0.55 
-2.29269376, -0.55 
-2.29252015, -0.54 
-2.29234654, -0.54 
-2.29217293, -0.54 
-2.29199932, -0.52 
-2.29182571, -0.52 
-2.29165210, -0.52 
-2.29147849, -0.52 
-2.29130488, -0.51 
-2.29113127, -0.51 
-2.29095766, -0.51 
-2.29078405, -0.50 
-2.29061044, -0.50 
-2.29043683, -0.50 
-2.29026322, -0.50 
-2.29008961, -0.49 
-2.28991600, -0.50 
-2.28974239, -0.49 
-2.28956878, -0.49 
-2.28939517, -0.48 
-2.28922156, -0.48 
-2.28904795, -0.48 
-2.28887434, -0.46 
-2.28870073, -0.47 
-2.28852712, -0.46 
-2.28835351, -0.46 
-2.28817990, -0.45 
-2.28800629, -0.45 
-2.28783268, -0.45 
-2.28765907, -0.45 
-2.28748546, -0.45 
-2.28731185, -0.44 
-2.28713824, -0.43 
-2.28696463, -0.43 
-2.28679102, -0.43 
-2.28661741, -0.42 
-2.28644380, -0.42 
-2.28627019, -0.42 
-2.28609658, -0.42 
-2.28592297, -0.41 
-2.28574936, -0.42 
-2.28557575, -0.40 
-2.28540214, -0.41 
-2.28522853, -0.39 
-2.28505492, -0.39 
-2.28488131, -0.40 
-2.28470770, -0.39 
-2.28453409, -0.39 
-2.28436048, -0.38 
-2.28418687, -0.38 
-2.28401326, -0.37 
-2.28383965, -0.37 
-2.28366604, -0.37 
-2.28349243, -0.37 
-2.28331882, -0.36 
-2.28314521, -0.36 
-2.28297160, -0.35 
-2.28279799, -0.36 
-2.28262438, -0.34 
-2.28245077, -0.34 
-2.28227716, -0.34 
-2.28210355, -0.34 
-2.28192994, -0.33 
-2.28175633, -0.33 
-2.28158272, -0.33 
-2.28140911, -0.33 
-2.28123550, -0.32 
-2.28106189, -0.32 
-2.28088828, -0.30 
-2.28071467, -0.31 
-2.28054106, -0.31 
-2.28036745, -0.30 
-2.28019384, -0.30 
-2.28002023, -0.30 
-2.27984662, -0.29 
-2.27967301, -0.29 
-2.27949940, -0.28 
-2.27932579, -0.29 
-2.27915218, -0.28 
-2.27897857, -0.28 
-2.27880496, -0.27 
-2.27863135, -0.27 
-2.27845774, -0.27 
-2.27828413, -0.26 
-2.27811052, -0.26 
-2.27793691, -0.26 
-2.27776330, -0.25 
-2.27758969, -0.25 
-2.27741608, -0.25 
-2.27724247, -0.24 
-2.27706886, -0.24 
-2.27689525, -0.23 
-2.27672164, -0.23 
-2.27654803, -0.24 
-2.27637442, -0.23 
-2.27620081, -0.22 
-2.27602720, -0.21 
-2.27585359, -0.22 
-2.27567998, -0.20 
-2.27550637, -0.21 
-2.27533276, -0.20 
-2.27515915, -0.21 
-2.27498554, -0.20 
-2.27481193, -0.19 
-2.27463832, -0.18 
-2.27446471, -0.19 
-2.27429110, -0.18 
-2.27411749, -0.18 
-2.27394388, -0.17 
-2.27377027, -0.17 
-2.27359666, -0.17 
-2.27342305, -0.16 
-2.27324944, -0.16 
-2.27307583, -0.16 
-2.27290222, -0.16 
-2.27272861, -0.15 
-2.27255500, -0.15 
-2.27238139, -0.15 
-2.27220778, -0.14 
-2.27203417, -0.13 
-2.27186056, -0.13 
-2.27168695, -0.13 
-2.27151334, -0.13 
-2.27133973, -0.12 
-2.27116612, -0.12 
-2.27099251, -0.12 
-2.27081890, -0.11 
-2.27064529, -0.12 
-2.27047168, -0.10 
-2.27029807, -0.10 
-2.27012446, -0.10 
-2.26995085, -0.10 
-2.26977724, -0.10 
-2.26960363, -0.09 
-2.26943002, -0.08 
-2.26925641, -0.08 
-2.26908280, -0.08 
-2.26890919, -0.08 
-2.26873558, -0.07 
-2.26856197, -0.06 
-2.26838836, -0.06 
-2.26821475, -0.05 
-2.26804114, -0.06 
-2.26786753, -0.05 
-2.26769392, -0.05 
-2.26752031, -0.05 
-2.26734670, -0.05 
-2.26717309, -0.04 
-2.26699948, -0.04 
-2.26682587, -0.03 
-2.26665226, -0.03 
-2.26647865, -0.03 
-2.26630504, -0.02 
-2.26613143, -0.02 
-2.26595782, -0.02 
-2.26578421, -0.01 
-2.26561060, -0.01 
-2.26543699, -0.00 
-2.26526338, -0.00 
-2.26508977,  0.00 
-2.26491616,  0.00 
-2.26474255,  0.00 
-2.26456894,  0.02 
-2.26439533,  0.02 
-2.26422172,  0.01 
-2.26404811,  0.03 
-2.26387450,  0.03 
-2.26370089,  0.03 
-2.26352728,  0.03 
-2.26335367,  0.03 
-2.26318006,  0.05 
-2.26300645,  0.04 
-2.26283284,  0.05 
-2.26265923,  0.05 
-2.26248562,  0.05 
-2.26231201,  0.06 
-2.26213840,  0.06 
-2.26196479,  0.06 
-2.26179118,  0.08 
-2.26161757,  0.06 
-2.26144396,  0.09 
-2.26127035,  0.08 
-2.26109674,  0.08 
-2.26092313,  0.10 
-2.26074952,  0.09 
-2.26057591,  0.10 
-2.26040230,  0.09 
-2.26022869,  0.10 
-2.26005508,  0.10 
-2.25988147,  0.11 
-2.25970786,  0.11 
-2.25953425,  0.11 
-2.25936064,  0.12 
-2.25918703,  0.11 
-2.25901342,  0.12 
-2.25883981,  0.12 
-2.25866620,  0.13 
-2.25849259,  0.14 
-2.25831898,  0.13 
-2.25814537,  0.13 
-2.25797176,  0.15 
-2.25779815,  0.16 
-2.25762454,  0.14 
-2.25745093,  0.16 
-2.25727732,  0.16 
-2.25710371,  0.16 
-2.25693010,  0.16 
-2.25675649,  0.17 
-2.25658288,  0.17 
-2.25640927,  0.18 
-2.25623566,  0.18 
-2.25606205,  0.18 
-2.25588844,  0.19 
-2.25571483,  0.18 
-2.25554122,  0.18 
-2.25536761,  0.19 
-2.25519400,  0.20 
-2.25502039,  0.20 
-2.25484678,  0.20 
-2.25467317,  0.20 
-2.25449956,  0.22 
-2.25432595,  0.22 
-2.25415234,  0.22 
-2.25397873,  0.22 
-2.25380512,  0.22 
-2.25363151,  0.23 
-2.25345790,  0.23 
-2.25328429,  0.24 
-2.25311068,  0.25 
-2.25293707,  0.25 
-2.25276346,  0.25 
-2.25258985,  0.25 
-2.25241624,  0.25 
-2.25224263,  0.26 
-2.25206902,  0.25 
-2.25189541,  0.26 
-2.25172180,  0.28 
-2.25154819,  0.28 
-2.25137458,  0.28 
-2.25120097,  0.27 
-2.25102736,  0.27 
-2.25085375,  0.27 
-2.25068014,  0.29 
-2.25050653,  0.29 
-2.25033292,  0.30 
-2.25015931,  0.30 
-2.24998570,  0.31 
-2.24981209,  0.31 
-2.24963848,  0.32 
-2.24946487,  0.31 
-2.24929126,  0.33 
-2.24911765,  0.32 
-2.24894404,  0.32 
-2.24877043,  0.33 
-2.24859682,  0.32 
-2.24842321,  0.33 
-2.24824960,  0.34 
-2.24807599,  0.34 
-2.24790238,  0.36 
-2.24772877,  0.34 
-2.24755516,  0.35 
-2.24738155,  0.35 
-2.24720794,  0.35 
-2.24703433,  0.36 
-2.24686072,  0.35 
-2.24668711,  0.36 
-2.24651350,  0.38 
-2.24633989,  0.37 
-2.24616628,  0.38 
-2.24599267,  0.39 
-2.24581906,  0.39 
-2.24564545,  0.38 
-2.24547184,  0.39 
-2.24529823,  0.40 
-2.24512462,  0.40 
-2.24495101,  0.40 
-2.24477740,  0.41 
-2.24460379,  0.41 
-2.24443018,  0.41 
-2.24425657,  0.42 
-2.24408296,  0.43 
-2.24390935,  0.42 
-2.24373574,  0.42 
-2.24356213,  0.43 
-2.24338852,  0.43 
-2.24321491,  0.43 
-2.24304130,  0.44 
-2.24286769,  0.43 
-2.24269408,  0.45 
-2.24252047,  0.44 
-2.24234686,  0.45 
-2.24217325,  0.46 
-2.24199964,  0.45 
-2.24182603,  0.46 
-2.24165242,  0.48 
-2.24147881,  0.47 
-2.24130520,  0.47 
-2.24113159,  0.48 
-2.24095798,  0.48 
-2.24078437,  0.49 
-2.24061076,  0.49 
-2.24043715,  0.49 
-2.24026354,  0.49 
-2.24008993,  0.49 
-2.23991632,  0.50 
-2.23974271,  0.51 
-2.23956910,  0.51 
-2.23939549,  0.51 
-2.23922188,  0.51 
-2.23904827,  0.51 
-2.23887466,  0.52 
-2.23870105,  0.52 
-2.23852744,  0.52 
-2.23835383,  0.53 
-2.23818022,  0.53 
-2.23800661,  0.54 
-2.23783300,  0.54 
-2.23765939,  0.54 
-2.23748578,  0.55 
-2.23731217,  0.55 
-2.23713856,  0.56 
-2.23696495,  0.56 
-2.23679134,  0.56 
-2.23661773,  0.56 
-2.23644412,  0.56 
-2.23627051,  0.57 
-2.23609690,  0.58 
-2.23592329,  0.57 
-2.23574968,  0.57 
-2.23557607,  0.59 
-2.23540246,  0.58 
-2.23522885,  0.59 
-2.23505524,  0.59 
-2.23488163,  0.59 
-2.23470802,  0.60 
-2.23453441,  0.60 
-2.23436080,  0.59 
-2.23418719,  0.61 
-2.23401358,  0.60 
-2.23383997,  0.61 
-2.23366636,  0.62 
-2.23349275,  0.62 
-2.23331914,  0.64 
-2.23314553,  0.63 
-2.23297192,  0.62 
-2.23279831,  0.63 
-2.23262470,  0.65 
-2.23245109,  0.64 
-2.23227748,  0.64 
-2.23210387,  0.64 
-2.23193026,  0.66 
-2.23175665,  0.66 
-2.23158304,  0.65 
-2.23140943,  0.67 
-2.23123582,  0.66 
-2.23106221,  0.66 
-2.23088860,  0.67 
-2.23071499,  0.67 
-2.23054138,  0.68 
-2.23036777,  0.67 
-2.23019416,  0.68 
-2.23002055,  0.67 
-2.22984694,  0.69 
-2.22967333,  0.69 
-2.22949972,  0.69 
-2.22932611,  0.69 
-2.22915250,  0.70 
-2.22897889,  0.70 
-2.22880528,  0.71 
-2.22863167,  0.71 
-2.22845806,  0.71 
-2.22828445,  0.71 
-2.22811084,  0.72 
-2.22793723,  0.72 
-2.22776362,  0.72 
-2.22759001,  0.74 
-2.22741640,  0.73 
-2.22724279,  0.74 
-2.22706918,  0.73 
-2.22689557,  0.73 
-2.22672196,  0.74 
-2.22654835,  0.74 
-2.22637474,  0.75 
-2.22620113,  0.75 
-2.22602752,  0.76 
-2.22585391,  0.77 
-2.22568030,  0.76 
-2.22550669,  0.77 
-2.22533308,  0.77 
-2.22515947,  0.76 
-2.22498586,  0.76 
-2.22481225,  0.78 
-2.22463864,  0.78 
-2.22446503,  0.78 
-2.22429142,  0.79 
-2.22411781,  0.79 
-2.22394420,  0.79 
-2.22377059,  0.80 
-2.22359698,  0.80 
-2.22342337,  0.81 
-2.22324976,  0.80 
-2.22307615,  0.81 
-2.22290254,  0.81 
-2.22272893,  0.82 
-2.22255532,  0.81 
-2.22238171,  0.83 
-2.22220810,  0.82 
-2.22203449,  0.82 
-2.22186088,  0.83 
-2.22168727,  0.83 
-2.22151366,  0.83 
-2.22134005,  0.83 
-2.22116644,  0.84 
-2.22099283,  0.85 
-2.22081922,  0.85 
-2.22064561,  0.85 
-2.22047200,  0.85 
-2.22029839,  0.85 
-2.22012478,  0.87 
-2.21995117,  0.87 
-2.21977756,  0.86 
-2.21960395,  0.87 
-2.21943034,  0.86 
-2.21925673,  0.87 
-2.21908312,  0.87 
-2.21890951,  0.87 
-2.21873590,  0.88 
-2.21856229,  0.88 
-2.21838868,  0.89 
-2.21821507,  0.88 
-2.21804146,  0.90 
-2.21786785,  0.90 
-2.21769424,  0.90 
-2.21752063,  0.90 
-2.21734702,  0.91 
-2.21717341,  0.91 
-2.21699980,  0.92 
-2.21682619,  0.91 
-2.21665258,  0.91 
-2.21647897,  0.92 
-2.21630536,  0.94 
-2.21613175,  0.92 
-2.21595814,  0.93 
-2.21578453,  0.93 
-2.21561092,  0.94 
-2.21543731,  0.94 
-2.21526370,  0.95 
-2.21509009,  0.94 
-2.21491648,  0.94 
-2.21474287,  0.95 
-2.21456926,  0.95 
-2.21439565,  0.95 
-2.21422204,  0.96 
-2.21404843,  0.95 
-2.21387482,  0.95 
-2.21370121,  0.96 
-2.21352760,  0.96 
-2.21335399,  0.97 
-2.21318038,  0.97 
-2.21300677,  0.98 
-2.21283316,  0.99 
-2.21265955,  0.98 
-2.21248594,  0.98 
-2.21231233,  0.99 
-2.21213872,  0.99 
-2.21196511,  1.00 
-2.21179150,  1.00 
-2.21161789,  1.00 
-2.21144428,  1.00 
-2.21127067,  1.00 
-2.21109706,  1.00 
-2.21092345,  1.01 
-2.21074984,  1.01 
-2.21057623,  1.02 
-2.21040262,  1.02 
-2.21022901,  1.02 
-2.21005540,  1.02 
-2.20988179,  1.02 
-2.20970818,  1.03 
-2.20953457,  1.04 
-2.20936096,  1.04 
-2.20918735,  1.03 
-2.20901374,  1.04 
-2.20884013,  1.04 
-2.20866652,  1.03 
-2.20849291,  1.04 
-2.20831930,  1.05 
-2.20814569,  1.05 
-2.20797208,  1.06 
-2.20779847,  1.06 
-2.20762486,  1.06 
-2.20745125,  1.06 
-2.20727764,  1.06 
-2.20710403,  1.06 
-2.20693042,  1.07 
-2.20675681,  1.07 
-2.20658320,  1.07 
-2.20640959,  1.07 
-2.20623598,  1.08 
-2.20606237,  1.09 
-2.20588876,  1.09 
-2.20571515,  1.09 
-2.20554154,  1.09 
-2.20536793,  1.09 
-2.20519432,  1.10 
-2.20502071,  1.10 
-2.20484710,  1.10 
-2.20467349,  1.11 
-2.20449988,  1.11 
-2.20432627,  1.12 
-2.20415266,  1.11 
-2.20397905,  1.11 
-2.20380544,  1.11 
-2.20363183,  1.13 
-2.20345822,  1.13 
-2.20328461,  1.12 
-2.20311100,  1.13 
-2.20293739,  1.13 
-2.20276378,  1.15 
-2.20259017,  1.13 
-2.20241656,  1.14 
-2.20224295,  1.14 
-2.20206934,  1.14 
-2.20189573,  1.15 
-2.20172212,  1.14 
-2.20154851,  1.15 
-2.20137490,  1.16 
-2.20120129,  1.15 
-2.20102768,  1.16 
-2.20085407,  1.16 
-2.20068046,  1.16 
-2.20050685,  1.17 
-2.20033324,  1.16 
-2.20015963,  1.17 
-2.19998602,  1.18 
-2.19981241,  1.17 
-2.19963880,  1.17 
-2.19946519,  1.18 
-2.19929158,  1.19 
-2.19911797,  1.18 
-2.19894436,  1.19 
-2.19877075,  1.18 
-2.19859714,  1.19 
-2.19842353,  1.20 
-2.19824992,  1.20 
-2.19807631,  1.19 
-2.19790270,  1.20 
-2.19772909,  1.20 
-2.19755548,  1.20 
-2.19738187,  1.20 
-2.19720826,  1.21 
-2.19703465,  1.20 
-2.19686104,  1.22 
-2.19668743,  1.21 
-2.19651382,  1.21 
-2.19634021,  1.21 
-2.19616660,  1.22 
-2.19599299,  1.22 
-2.19581938,  1.22 
-2.19564577,  1.22 
-2.19547216,  1.22 
-2.19529855,  1.23 
-2.19512494,  1.24 
-2.19495133,  1.24 
-2.19477772,  1.23 
-2.19460411,  1.25 
-2.19443050,  1.24 
-2.19425689,  1.24 
-2.19408328,  1.25 
-2.19390967,  1.25 
-2.19373606,  1.25 
-2.19356245,  1.25 
-2.19338884,  1.25 
-2.19321523,  1.25 
-2.19304162,  1.26 
-2.19286801,  1.26 
-2.19269440,  1.26 
-2.19252079,  1.27 
-2.19234718,  1.27 
-2.19217357,  1.27 
-2.19199996,  1.26 
-2.19182635,  1.28 
-2.19165274,  1.28 
-2.19147913,  1.29 
-2.19130552,  1.28 
-2.19113191,  1.29 
-2.19095830,  1.29 
-2.19078469,  1.27 
-2.19061108,  1.29 
-2.19043747,  1.29 
-2.19026386,  1.29 
-2.19009025,  1.30 
-2.18991664,  1.29 
-2.18974303,  1.30 
-2.18956942,  1.30 
-2.18939581,  1.31 
-2.18922220,  1.31 
-2.18904859,  1.31 
-2.18887498,  1.30 
-2.18870137,  1.31 
-2.18852776,  1.31 
-2.18835415,  1.31 
-2.18818054,  1.33 
-2.18800693,  1.32 
-2.18783332,  1.33 
-2.18765971,  1.33 
-2.18748610,  1.32 
-2.18731249,  1.33 
-2.18713888,  1.33 
-2.18696527,  1.33 
-2.18679166,  1.32 
-2.18661805,  1.34 
-2.18644444,  1.34 
-2.18627083,  1.34 
-2.18609722,  1.35 
-2.18592361,  1.35 
-2.18575000,  1.36 
-2.18557639,  1.34 
-2.18540278,  1.34 
-2.18522917,  1.35 
-2.18505556,  1.36 
-2.18488195,  1.35 
-2.18470834,  1.36 
-2.18453473,  1.36 
-2.18436112,  1.36 
-2.18418751,  1.36 
-2.18401390,  1.36 
-2.18384029,  1.36 
-2.18366668,  1.37 
-2.18349307,  1.37 
-2.18331946,  1.36 
-2.18314585,  1.36 
-2.18297224,  1.37 
-2.18279863,  1.39 
-2.18262502,  1.38 
-2.18245141,  1.38 
-2.18227780,  1.39 
-2.18210419,  1.39 
-2.18193058,  1.38 
-2.18175697,  1.39 
-2.18158336,  1.40 
-2.18140975,  1.39 
-2.18123614,  1.40 
-2.18106253,  1.40 
-2.18088892,  1.40 
-2.18071531,  1.40 
-2.18054170,  1.39 
-2.18036809,  1.41 
-2.18019448,  1.40 
-2.18002087,  1.41 
-2.17984726,  1.42 
-2.17967365,  1.41 
-2.17950004,  1.41 
-2.17932643,  1.41 
-2.17915282,  1.40 
-2.17897921,  1.42 
-2.17880560,  1.42 
-2.17863199,  1.42 
-2.17845838,  1.42 
-2.17828477,  1.41 
-2.17811116,  1.42 
-2.17793755,  1.42 
-2.17776394,  1.42 
-2.17759033,  1.42 
-2.17741672,  1.42 
-2.17724311,  1.42 
-2.17706950,  1.43 
-2.17689589,  1.44 
-2.17672228,  1.43 
-2.17654867,  1.44 
-2.17637506,  1.43 
-2.17620145,  1.43 
-2.17602784,  1.45 
-2.17585423,  1.45 
-2.17568062,  1.45 
-2.17550701,  1.44 
-2.17533340,  1.44 
-2.17515979,  1.45 
-2.17498618,  1.45 
-2.17481257,  1.45 
-2.17463896,  1.45 
-2.17446535,  1.46 
-2.17429174,  1.45 
-2.17411813,  1.46 
-2.17394452,  1.46 
-2.17377091,  1.46 
-2.17359730,  1.46 
-2.17342369,  1.46 
-2.17325008,  1.46 
-2.17307647,  1.47 
-2.17290286,  1.46 
-2.17272925,  1.46 
-2.17255564,  1.46 
-2.17238203,  1.47 
-2.17220842,  1.48 
-2.17203481,  1.48 
-2.17186120,  1.48 
-2.17168759,  1.48 
-2.17151398,  1.48 
-2.17134037,  1.48 
-2.17116676,  1.49 
-2.17099315,  1.47 
-2.17081954,  1.48 
-2.17064593,  1.48 
-2.17047232,  1.49 
-2.17029871,  1.48 
-2.17012510,  1.49 
-2.16995149,  1.49 
-2.16977788,  1.49 
-2.16960427,  1.48 
-2.16943066,  1.50 
-2.16925705,  1.48 
-2.16908344,  1.49 
-2.16890983,  1.50 
-2.16873622,  1.49 
-2.16856261,  1.50 
-2.16838900,  1.51 
-2.16821539,  1.51 
-2.16804178,  1.50 
-2.16786817,  1.51 
-2.16769456,  1.51 
-2.16752095,  1.50 
-2.16734734,  1.51 
-2.16717373,  1.51 
-2.16700012,  1.51 
-2.16682651,  1.50 
-2.16665290,  1.52 
-2.16647929,  1.52 
-2.16630568,  1.52 
-2.16613207,  1.52 
-2.16595846,  1.52 
-2.16578485,  1.52 
-2.16561124,  1.52 
-2.16543763,  1.52 
-2.16526402,  1.52 
-2.16509041,  1.51 
-2.16491680,  1.53 
-2.16474319,  1.53 
-2.16456958,  1.52 
-2.16439597,  1.54 
-2.16422236,  1.54 
-2.16404875,  1.53 
-2.16387514,  1.52 
-2.16370153,  1.53 
-2.16352792,  1.53 
-2.16335431,  1.54 
-2.16318070,  1.53 
-2.16300709,  1.53 
-2.16283348,  1.54 
-2.16265987,  1.54 
-2.16248626,  1.54 
-2.16231265,  1.54 
-2.16213904,  1.54 
-2.16196543,  1.54 
-2.16179182,  1.55 
-2.16161821,  1.54 
-2.16144460,  1.55 
-2.16127099,  1.54 
-2.16109738,  1.55 
-2.16092377,  1.55 
-2.16075016,  1.55 
-2.16057655,  1.54 
-2.16040294,  1.55 
-2.16022933,  1.54 
-2.16005572,  1.56 
-2.15988211,  1.56 
-2.15970850,  1.55 
-2.15953489,  1.55 
-2.15936128,  1.56 
-2.15918767,  1.55 
-2.15901406,  1.55 
-2.15884045,  1.56 
-2.15866684,  1.56 
-2.15849323,  1.56 
-2.15831962,  1.55 
-2.15814601,  1.56 
-2.15797240,  1.56 
-2.15779879,  1.57 
-2.15762518,  1.56 
-2.15745157,  1.56 
-2.15727796,  1.57 
-2.15710435,  1.56 
-2.15693074,  1.57 
-2.15675713,  1.56 
-2.15658352,  1.57 
-2.15640991,  1.57 
-2.15623630,  1.57 
-2.15606269,  1.57 
-2.15588908,  1.57 
-2.15571547,  1.57 
-2.15554186,  1.58 
-2.15536825,  1.57 
-2.15519464,  1.57 
-2.15502103,  1.57 
-2.15484742,  1.57 
-2.15467381,  1.57 
-2.15450020,  1.57 
-2.15432659,  1.58 
-2.15415298,  1.57 
-2.15397937,  1.57 
-2.15380576,  1.58 
-2.15363215,  1.59 
-2.15345854,  1.58 
-2.15328493,  1.57 
-2.15311132,  1.59 
-2.15293771,  1.58 
-2.15276410,  1.58 
-2.15259049,  1.58 
-2.15241688,  1.58 
-2.15224327,  1.59 
-2.15206966,  1.59 
-2.15189605,  1.58 
-2.15172244,  1.59 
-2.15154883,  1.59 
-2.15137522,  1.58 
-2.15120161,  1.59 
-2.15102800,  1.59 
-2.15085439,  1.59 
-2.15068078,  1.58 
-2.15050717,  1.59 
-2.15033356,  1.60 
-2.15015995,  1.58 
-2.14998634,  1.58 
-2.14981273,  1.59 
-2.14963912,  1.59 
-2.14946551,  1.58 
-2.14929190,  1.59 
-2.14911829,  1.59 
-2.14894468,  1.59 
-2.14877107,  1.59 
-2.14859746,  1.58 
-2.14842385,  1.59 
-2.14825024,  1.60 
-2.14807663,  1.61 
-2.14790302,  1.60 
-2.14772941,  1.59 
-2.14755580,  1.59 
-2.14738219,  1.59 
-2.14720858,  1.60 
-2.14703497,  1.58 
-2.14686136,  1.60 
-2.14668775,  1.59 
-2.14651414,  1.60 
-2.14634053,  1.60 
-2.14616692,  1.60 
-2.14599331,  1.60 
-2.14581970,  1.59 
-2.14564609,  1.60 
-2.14547248,  1.59 
-2.14529887,  1.61 
-2.14512526,  1.61 
-2.14495165,  1.60 
-2.14477804,  1.60 
-2.14460443,  1.59 
-2.14443082,  1.60 
-2.14425721,  1.61 
-2.14408360,  1.61 
-2.14390999,  1.60 
-2.14373638,  1.59 
-2.14356277,  1.61 
-2.14338916,  1.60 
-2.14321555,  1.60 
-2.14304194,  1.60 
-2.14286833,  1.60 
-2.14269472,  1.61 
-2.14252111,  1.60 
-2.14234750,  1.60 
-2.14217389,  1.59 
-2.14200028,  1.60 
-2.14182667,  1.59 
-2.14165306,  1.59 
-2.14147945,  1.60 
-2.14130584,  1.60 
-2.14113223,  1.59 
-2.14095862,  1.60 
-2.14078501,  1.60 
-2.14061140,  1.60 
-2.14043779,  1.61 
-2.14026418,  1.59 
-2.14009057,  1.60 
-2.13991696,  1.60 
-2.13974335,  1.60 
-2.13956974,  1.61 
-2.13939613,  1.60 
-2.13922252,  1.60 
-2.13904891,  1.60 
-2.13887530,  1.60 
-2.13870169,  1.60 
-2.13852808,  1.59 
-2.13835447,  1.59 
-2.13818086,  1.60 
-2.13800725,  1.60 
-2.13783364,  1.60 
-2.13766003,  1.60 
-2.13748642,  1.59 
-2.13731281,  1.59 
-2.13713920,  1.60 
-2.13696559,  1.60 
-2.13679198,  1.61 
-2.13661837,  1.60 
-2.13644476,  1.60 
-2.13627115,  1.60 
-2.13609754,  1.59 
-2.13592393,  1.60 
-2.13575032,  1.60 
-2.13557671,  1.60 
-2.13540310,  1.60 
-2.13522949,  1.61 
-2.13505588,  1.59 
-2.13488227,  1.60 
-2.13470866,  1.60 
-2.13453505,  1.60 
-2.13436144,  1.60 
-2.13418783,  1.60 
-2.13401422,  1.59 
-2.13384061,  1.60 
-2.13366700,  1.59 
-2.13349339,  1.59 
-2.13331978,  1.60 
-2.13314617,  1.59 
-2.13297256,  1.58 
-2.13279895,  1.59 
-2.13262534,  1.58 
-2.13245173,  1.60 
-2.13227812,  1.59 
-2.13210451,  1.59 
-2.13193090,  1.60 
-2.13175729,  1.59 
-2.13158368,  1.60 
-2.13141007,  1.59 
-2.13123646,  1.59 
-2.13106285,  1.59 
-2.13088924,  1.59 
-2.13071563,  1.59 
-2.13054202,  1.59 
-2.13036841,  1.59 
-2.13019480,  1.59 
-2.13002119,  1.58 
-2.12984758,  1.58 
-2.12967397,  1.58 
-2.12950036,  1.59 
-2.12932675,  1.57 
-2.12915314,  1.58 
-2.12897953,  1.58 
-2.12880592,  1.58 
-2.12863231,  1.58 
-2.12845870,  1.59 
-2.12828509,  1.59 
-2.12811148,  1.58 
-2.12793787,  1.58 
-2.12776426,  1.59 
-2.12759065,  1.58 
-2.12741704,  1.57 
-2.12724343,  1.58 
-2.12706982,  1.58 
-2.12689621,  1.58 
-2.12672260,  1.58 
-2.12654899,  1.57 
-2.12637538,  1.58 
-2.12620177,  1.57 
-2.12602816,  1.58 
-2.12585455,  1.58 
-2.12568094,  1.56 
-2.12550733,  1.57 
-2.12533372,  1.57 
-2.12516011,  1.57 
-2.12498650,  1.57 
-2.12481289,  1.57 
-2.12463928,  1.57 
-2.12446567,  1.56 
-2.12429206,  1.57 
-2.12411845,  1.55 
-2.12394484,  1.57 
-2.12377123,  1.57 
-2.12359762,  1.57 
-2.12342401,  1.56 
-2.12325040,  1.56 
-2.12307679,  1.57 
-2.12290318,  1.56 
-2.12272957,  1.57 
-2.12255596,  1.56 
-2.12238235,  1.56 
-2.12220874,  1.56 
-2.12203513,  1.55 
-2.12186152,  1.56 
-2.12168791,  1.55 
-2.12151430,  1.55 
-2.12134069,  1.56 
-2.12116708,  1.55 
-2.12099347,  1.55 
-2.12081986,  1.55 
-2.12064625,  1.55 
-2.12047264,  1.55 
-2.12029903,  1.55 
-2.12012542,  1.55 
-2.11995181,  1.55 
-2.11977820,  1.55 
-2.11960459,  1.55 
-2.11943098,  1.53 
-2.11925737,  1.55 
-2.11908376,  1.55 
-2.11891015,  1.54 
-2.11873654,  1.55 
-2.11856293,  1.53 
-2.11838932,  1.54 
-2.11821571,  1.54 
-2.11804210,  1.54 
-2.11786849,  1.54 
-2.11769488,  1.53 
-2.11752127,  1.53 
-2.11734766,  1.53 
-2.11717405,  1.53 
-2.11700044,  1.53 
-2.11682683,  1.53 
-2.11665322,  1.53 
-2.11647961,  1.53 
-2.11630600,  1.53 
-2.11613239,  1.52 
-2.11595878,  1.52 
-2.11578517,  1.52 
-2.11561156,  1.52 
-2.11543795,  1.52 
-2.11526434,  1.53 
-2.11509073,  1.52 
-2.11491712,  1.52 
-2.11474351,  1.52 
-2.11456990,  1.52 
-2.11439629,  1.52 
-2.11422268,  1.52 
-2.11404907,  1.52 
-2.11387546,  1.51 
-2.11370185,  1.52 
-2.11352824,  1.51 
-2.11335463,  1.52 
-2.11318102,  1.52 
-2.11300741,  1.51 
-2.11283380,  1.52 
-2.11266019,  1.51 
-2.11248658,  1.51 
-2.11231297,  1.50 
-2.11213936,  1.50 
-2.11196575,  1.50 
-2.11179214,  1.51 
-2.11161853,  1.50 
-2.11144492,  1.50 
-2.11127131,  1.50 
-2.11109770,  1.50 
-2.11092409,  1.50 
-2.11075048,  1.49 
-2.11057687,  1.49 
-2.11040326,  1.49 
-2.11022965,  1.49 
-2.11005604,  1.49 
-2.10988243,  1.49 
-2.10970882,  1.49 
-2.10953521,  1.48 
-2.10936160,  1.48 
-2.10918799,  1.48 
-2.10901438,  1.48 
-2.10884077,  1.48 
-2.10866716,  1.47 
-2.10849355,  1.46 
-2.10831994,  1.47 
-2.10814633,  1.48 
-2.10797272,  1.47 
-2.10779911,  1.46 
-2.10762550,  1.46 
-2.10745189,  1.46 
-2.10727828,  1.45 
-2.10710467,  1.47 
-2.10693106,  1.45 
-2.10675745,  1.46 
-2.10658384,  1.46 
-2.10641023,  1.47 
-2.10623662,  1.46 
-2.10606301,  1.47 
-2.10588940,  1.46 
-2.10571579,  1.44 
-2.10554218,  1.46 
-2.10536857,  1.45 
-2.10519496,  1.45 
-2.10502135,  1.45 
-2.10484774,  1.46 
-2.10467413,  1.44 
-2.10450052,  1.44 
-2.10432691,  1.44 
-2.10415330,  1.44 
-2.10397969,  1.43 
-2.10380608,  1.44 
-2.10363247,  1.43 
-2.10345886,  1.43 
-2.10328525,  1.43 
-2.10311164,  1.43 
-2.10293803,  1.43 
-2.10276442,  1.44 
-2.10259081,  1.42 
-2.10241720,  1.42 
-2.10224359,  1.42 
-2.10206998,  1.41 
-2.10189637,  1.41 
-2.10172276,  1.41 
-2.10154915,  1.42 
-2.10137554,  1.41 
-2.10120193,  1.42 
-2.10102832,  1.41 
-2.10085471,  1.40 
-2.10068110,  1.41 
-2.10050749,  1.41 
-2.10033388,  1.40 
-2.10016027,  1.40 
-2.09998666,  1.40 
-2.09981305,  1.41 
-2.09963944,  1.39 
-2.09946583,  1.39 
-2.09929222,  1.40 
-2.09911861,  1.39 
-2.09894500,  1.39 
-2.09877139,  1.38 
-2.09859778,  1.39 
-2.09842417,  1.38 
-2.09825056,  1.38 
-2.09807695,  1.37 
-2.09790334,  1.38 
-2.09772973,  1.38 
-2.09755612,  1.37 
-2.09738251,  1.37 
-2.09720890,  1.37 
-2.09703529,  1.36 
-2.09686168,  1.37 
-2.09668807,  1.37 
-2.09651446,  1.36 
-2.09634085,  1.37 
-2.09616724,  1.37 
-2.09599363,  1.36 
-2.09582002,  1.36 
-2.09564641,  1.35 
-2.09547280,  1.36 
-2.09529919,  1.34 
-2.09512558,  1.36 
-2.09495197,  1.35 
-2.09477836,  1.34 
-2.09460475,  1.35 
-2.09443114,  1.34 
-2.09425753,  1.35 
-2.09408392,  1.34 
-2.09391031,  1.34 
-2.09373670,  1.34 
-2.09356309,  1.35 
-2.09338948,  1.33 
-2.09321587,  1.33 
-2.09304226,  1.33 
-2.09286865,  1.32 
-2.09269504,  1.32 
-2.09252143,  1.32 
-2.09234782,  1.32 
-2.09217421,  1.31 
-2.09200060,  1.32 
-2.09182699,  1.32 
-2.09165338,  1.31 
-2.09147977,  1.30 
-2.09130616,  1.30 
-2.09113255,  1.30 
-2.09095894,  1.31 
-2.09078533,  1.30 
-2.09061172,  1.29 
-2.09043811,  1.30 
-2.09026450,  1.29 
-2.09009089,  1.29 
-2.08991728,  1.28 
-2.08974367,  1.28 
-2.08957006,  1.29 
-2.08939645,  1.28 
-2.08922284,  1.28 
-2.08904923,  1.27 
-2.08887562,  1.28 
-2.08870201,  1.27 
-2.08852840,  1.27 
-2.08835479,  1.27 
-2.08818118,  1.27 
-2.08800757,  1.25 
-2.08783396,  1.26 
-2.08766035,  1.26 
-2.08748674,  1.26 
-2.08731313,  1.27 
-2.08713952,  1.25 
-2.08696591,  1.26 
-2.08679230,  1.25 
-2.08661869,  1.25 
-2.08644508,  1.25 
-2.08627147,  1.24 
-2.08609786,  1.24 
-2.08592425,  1.24 
-2.08575064,  1.24 
-2.08557703,  1.24 
-2.08540342,  1.24 
-2.08522981,  1.24 
-2.08505620,  1.23 
-2.08488259,  1.22 
-2.08470898,  1.23 
-2.08453537,  1.22 
-2.08436176,  1.22 
-2.08418815,  1.22 
-2.08401454,  1.22 
-2.08384093,  1.22 
-2.08366732,  1.21 
-2.08349371,  1.21 
-2.08332010,  1.21 
-2.08314649,  1.21 
-2.08297288,  1.20 
-2.08279927,  1.21 
-2.08262566,  1.20 
-2.08245205,  1.19 
-2.08227844,  1.20 
-2.08210483,  1.20 
-2.08193122,  1.20 
-2.08175761,  1.19 
-2.08158400,  1.19 
-2.08141039,  1.18 
-2.08123678,  1.18 
-2.08106317,  1.18 
-2.08088956,  1.17 
-2.08071595,  1.17 
-2.08054234,  1.18 
-2.08036873,  1.16 
-2.08019512,  1.16 
-2.08002151,  1.17 
-2.07984790,  1.17 
-2.07967429,  1.16 
-2.07950068,  1.15 
-2.07932707,  1.15 
-2.07915346,  1.15 
-2.07897985,  1.15 
-2.07880624,  1.14 
-2.07863263,  1.15 
-2.07845902,  1.14 
-2.07828541,  1.14 
-2.07811180,  1.13 
-2.07793819,  1.13 
-2.07776458,  1.13 
-2.07759097,  1.13 
-2.07741736,  1.13 
-2.07724375,  1.12 
-2.07707014,  1.12 
-2.07689653,  1.11 
-2.07672292,  1.12 
-2.07654931,  1.12 
-2.07637570,  1.11 
-2.07620209,  1.11 
-2.07602848,  1.11 
-2.07585487,  1.10 
-2.07568126,  1.10 
-2.07550765,  1.10 
-2.07533404,  1.10 
-2.07516043,  1.09 
-2.07498682,  1.09 
-2.07481321,  1.10 
-2.07463960,  1.09 
-2.07446599,  1.08 
-2.07429238,  1.07 
-2.07411877,  1.09 
-2.07394516,  1.08 
-2.07377155,  1.06 
-2.07359794,  1.08 
-2.07342433,  1.06 
-2.07325072,  1.07 
-2.07307711,  1.07 
-2.07290350,  1.06 
-2.07272989,  1.06 
-2.07255628,  1.04 
-2.07238267,  1.05 
-2.07220906,  1.05 
-2.07203545,  1.04 
-2.07186184,  1.05 
-2.07168823,  1.05 
-2.07151462,  1.05 
-2.07134101,  1.04 
-2.07116740,  1.04 
-2.07099379,  1.03 
-2.07082018,  1.04 
-2.07064657,  1.03 
-2.07047296,  1.01 
-2.07029935,  1.02 
-2.07012574,  1.02 
-2.06995213,  1.01 
-2.06977852,  1.01 
-2.06960491,  1.01 
-2.06943130,  1.00 
-2.06925769,  1.01 
-2.06908408,  1.01 
-2.06891047,  1.00 
-2.06873686,  1.00 
-2.06856325,  0.99 
-2.06838964,  0.99 
-2.06821603,  0.98 
-2.06804242,  0.99 
-2.06786881,  0.98 
-2.06769520,  0.98 
-2.06752159,  0.98 
-2.06734798,  0.97 
-2.06717437,  0.97 
-2.06700076,  0.97 
-2.06682715,  0.97 
-2.06665354,  0.96 
-2.06647993,  0.96 
-2.06630632,  0.96 
-2.06613271,  0.95 
-2.06595910,  0.95 
-2.06578549,  0.94 
-2.06561188,  0.96 
-2.06543827,  0.95 
-2.06526466,  0.95 
-2.06509105,  0.94 
-2.06491744,  0.93 
-2.06474383,  0.93 
-2.06457022,  0.93 
-2.06439661,  0.92 
-2.06422300,  0.92 
-2.06404939,  0.92 
-2.06387578,  0.91 
-2.06370217,  0.93 
-2.06352856,  0.91 
-2.06335495,  0.91 
-2.06318134,  0.91 
-2.06300773,  0.91 
-2.06283412,  0.90 
-2.06266051,  0.90 
-2.06248690,  0.90 
-2.06231329,  0.89 
-2.06213968,  0.88 
-2.06196607,  0.88 
-2.06179246,  0.89 
-2.06161885,  0.88 
-2.06144524,  0.87 
-2.06127163,  0.87 
-2.06109802,  0.87 
-2.06092441,  0.86 
-2.06075080,  0.87 
-2.06057719,  0.86 
-2.06040358,  0.87 
-2.06022997,  0.86 
-2.06005636,  0.86 
-2.05988275,  0.85 
-2.05970914,  0.85 
-2.05953553,  0.84 
-2.05936192,  0.85 
-2.05918831,  0.85 
-2.05901470,  0.84 
-2.05884109,  0.83 
-2.05866748,  0.83 
-2.05849387,  0.83 
-2.05832026,  0.82 
-2.05814665,  0.82 
-2.05797304,  0.82 
-2.05779943,  0.82 
-2.05762582,  0.81 
-2.05745221,  0.81 
-2.05727860,  0.81 
-2.05710499,  0.81 
-2.05693138,  0.80 
-2.05675777,  0.80 
-2.05658416,  0.80 
-2.05641055,  0.78 
-2.05623694,  0.79 
-2.05606333,  0.77 
-2.05588972,  0.78 
-2.05571611,  0.78 
-2.05554250,  0.77 
-2.05536889,  0.78 
-2.05519528,  0.77 
-2.05502167,  0.76 
-2.05484806,  0.76 
-2.05467445,  0.77 
-2.05450084,  0.75 
-2.05432723,  0.75 
-2.05415362,  0.74 
-2.05398001,  0.74 
-2.05380640,  0.74 
-2.05363279,  0.75 
-2.05345918,  0.73 
-2.05328557,  0.73 
-2.05311196,  0.74 
-2.05293835,  0.74 
-2.05276474,  0.72 
-2.05259113,  0.73 
-2.05241752,  0.73 
-2.05224391,  0.72 
-2.05207030,  0.70 
-2.05189669,  0.71 
-2.05172308,  0.72 
-2.05154947,  0.70 
-2.05137586,  0.70 
-2.05120225,  0.69 
-2.05102864,  0.69 
-2.05085503,  0.69 
-2.05068142,  0.68 
-2.05050781,  0.68 
-2.05033420,  0.69 
-2.05016059,  0.68 
-2.04998698,  0.68 
-2.04981337,  0.68 
-2.04963976,  0.66 
-2.04946615,  0.66 
-2.04929254,  0.66 
-2.04911893,  0.66 
-2.04894532,  0.66 
-2.04877171,  0.65 
-2.04859810,  0.66 
-2.04842449,  0.65 
-2.04825088,  0.64 
-2.04807727,  0.63 
-2.04790366,  0.63 
-2.04773005,  0.63 
-2.04755644,  0.64 
-2.04738283,  0.63 
-2.04720922,  0.61 
-2.04703561,  0.62 
-2.04686200,  0.62 
-2.04668839,  0.61 
-2.04651478,  0.61 
-2.04634117,  0.60 
-2.04616756,  0.61 
-2.04599395,  0.61 
-2.04582034,  0.60 
-2.04564673,  0.59 
-2.04547312,  0.59 
-2.04529951,  0.59 
-2.04512590,  0.59 
-2.04495229,  0.58 
-2.04477868,  0.59 
-2.04460507,  0.58 
-2.04443146,  0.58 
-2.04425785,  0.57 
-2.04408424,  0.56 
-2.04391063,  0.56 
-2.04373702,  0.55 
-2.04356341,  0.56 
-2.04338980,  0.56 
-2.04321619,  0.55 
-2.04304258,  0.54 
-2.04286897,  0.55 
-2.04269536,  0.55 
-2.04252175,  0.53 
-2.04234814,  0.54 
-2.04217453,  0.53 
-2.04200092,  0.53 
-2.04182731,  0.53 
-2.04165370,  0.53 
-2.04148009,  0.53 
-2.04130648,  0.51 
-2.04113287,  0.51 
-2.04095926,  0.50 
-2.04078565,  0.50 
-2.04061204,  0.49 
-2.04043843,  0.50 
-2.04026482,  0.50 
-2.04009121,  0.49 
-2.03991760,  0.49 
-2.03974399,  0.49 
-2.03957038,  0.47 
-2.03939677,  0.48 
-2.03922316,  0.48 
-2.03904955,  0.48 
-2.03887594,  0.47 
-2.03870233,  0.46 
-2.03852872,  0.46 
-2.03835511,  0.45 
-2.03818150,  0.46 
-2.03800789,  0.45 
-2.03783428,  0.46 
-2.03766067,  0.45 
-2.03748706,  0.44 
-2.03731345,  0.43 
-2.03713984,  0.42 
-2.03696623,  0.44 
-2.03679262,  0.42 
-2.03661901,  0.43 
-2.03644540,  0.42 
-2.03627179,  0.42 
-2.03609818,  0.41 
-2.03592457,  0.42 
-2.03575096,  0.41 
-2.03557735,  0.40 
-2.03540374,  0.40 
-2.03523013,  0.41 
-2.03505652,  0.40 
-2.03488291,  0.39 
-2.03470930,  0.38 
-2.03453569,  0.39 
-2.03436208,  0.38 
-2.03418847,  0.37 
-2.03401486,  0.36 
-2.03384125,  0.37 
-2.03366764,  0.37 
-2.03349403,  0.35 
-2.03332042,  0.36 
-2.03314681,  0.35 
-2.03297320,  0.35 
-2.03279959,  0.34 
-2.03262598,  0.35 
-2.03245237,  0.34 
-2.03227876,  0.33 
-2.03210515,  0.34 
-2.03193154,  0.33 
-2.03175793,  0.33 
-2.03158432,  0.32 
-2.03141071,  0.33 
-2.03123710,  0.32 
-2.03106349,  0.33 
-2.03088988,  0.30 
-2.03071627,  0.30 
-2.03054266,  0.30 
-2.03036905,  0.30 
-2.03019544,  0.31 
-2.03002183,  0.29 
-2.02984822,  0.28 
-2.02967461,  0.29 
-2.02950100,  0.29 
-2.02932739,  0.29 
-2.02915378,  0.28 
-2.02898017,  0.28 
-2.02880656,  0.27 
-2.02863295,  0.27 
-2.02845934,  0.27 
-2.02828573,  0.26 
-2.02811212,  0.26 
-2.02793851,  0.26 
-2.02776490,  0.26 
-2.02759129,  0.26 
-2.02741768,  0.25 
-2.02724407,  0.24 
-2.02707046,  0.23 
-2.02689685,  0.23 
-2.02672324,  0.23 
-2.02654963,  0.23 
-2.02637602,  0.22 
-2.02620241,  0.22 
-2.02602880,  0.21 
-2.02585519,  0.21 
-2.02568158,  0.21 
-2.02550797,  0.21 
-2.02533436,  0.20 
-2.02516075,  0.19 
-2.02498714,  0.19 
-2.02481353,  0.19 
-2.02463992,  0.19 
-2.02446631,  0.19 
-2.02429270,  0.19 
-2.02411909,  0.18 
-2.02394548,  0.17 
-2.02377187,  0.17 
-2.02359826,  0.17 
-2.02342465,  0.16 
-2.02325104,  0.15 
-2.02307743,  0.16 
-2.02290382,  0.15 
-2.02273021,  0.16 
-2.02255660,  0.14 
-2.02238299,  0.14 
-2.02220938,  0.15 
-2.02203577,  0.14 
-2.02186216,  0.13 
-2.02168855,  0.13 
-2.02151494,  0.12 
-2.02134133,  0.13 
-2.02116772,  0.12 
-2.02099411,  0.13 
-2.02082050,  0.11 
-2.02064689,  0.11 
-2.02047328,  0.11 
-2.02029967,  0.10 
-2.02012606,  0.10 
-2.01995245,  0.10 
-2.01977884,  0.10 
-2.01960523,  0.09 
-2.01943162,  0.08 
-2.01925801,  0.09 
-2.01908440,  0.08 
-2.01891079,  0.07 
-2.01873718,  0.07 
-2.01856357,  0.06 
-2.01838996,  0.07 
-2.01821635,  0.06 
-2.01804274,  0.06 
-2.01786913,  0.05 
-2.01769552,  0.06 
-2.01752191,  0.04 
-2.01734830,  0.04 
-2.01717469,  0.04 
-2.01700108,  0.03 
-2.01682747,  0.03 
-2.01665386,  0.03 
-2.01648025,  0.02 
-2.01630664,  0.02 
-2.01613303,  0.01 
-2.01595942,  0.01 
-2.01578581,  0.01 
-2.01561220,  0.01 
-2.01543859,  0.00 
-2.01526498,  0.00 
-2.01509137, -0.01 
-2.01491776, -0.01 
-2.01474415, -0.02 
-2.01457054, -0.00 
-2.01439693, -0.01 
-2.01422332, -0.01 
-2.01404971, -0.02 
-2.01387610, -0.02 
-2.01370249, -0.03 
-2.01352888, -0.03 
-2.01335527, -0.04 
-2.01318166, -0.03 
-2.01300805, -0.05 
-2.01283444, -0.05 
-2.01266083, -0.04 
-2.01248722, -0.05 
-2.01231361, -0.06 
-2.01214000, -0.06 
-2.01196639, -0.06 
-2.01179278, -0.07 
-2.01161917, -0.07 
-2.01144556, -0.07 
-2.01127195, -0.08 
-2.01109834, -0.08 
-2.01092473, -0.08 
-2.01075112, -0.08 
-2.01057751, -0.09 
-2.01040390, -0.10 
-2.01023029, -0.09 
-2.01005668, -0.09 
-2.00988307, -0.10 
-2.00970946, -0.11 
-2.00953585, -0.11 
-2.00936224, -0.12 
-2.00918863, -0.11 
-2.00901502, -0.12 
-2.00884141, -0.13 
-2.00866780, -0.13 
-2.00849419, -0.14 
-2.00832058, -0.13 
-2.00814697, -0.14 
-2.00797336, -0.15 
-2.00779975, -0.15 
-2.00762614, -0.14 
-2.00745253, -0.17 
-2.00727892, -0.16 
-2.00710531, -0.16 
-2.00693170, -0.17 
-2.00675809, -0.16 
-2.00658448, -0.18 
-2.00641087, -0.17 
-2.00623726, -0.18 
-2.00606365, -0.19 
-2.00589004, -0.18 
-2.00571643, -0.19 
-2.00554282, -0.20 
-2.00536921, -0.20 
-2.00519560, -0.20 
-2.00502199, -0.21 
-2.00484838, -0.20 
-2.00467477, -0.21 
-2.00450116, -0.21 
-2.00432755, -0.21 
-2.00415394, -0.22 
-2.00398033, -0.23 
-2.00380672, -0.23 
-2.00363311, -0.23 
-2.00345950, -0.24 
-2.00328589, -0.23 
-2.00311228, -0.25 
-2.00293867, -0.24 
-2.00276506, -0.24 
-2.00259145, -0.25 
-2.00241784, -0.25 
-2.00224423, -0.25 
-2.00207062, -0.26 
-2.00189701, -0.27 
-2.00172340, -0.26 
-2.00154979, -0.27 
-2.00137618, -0.28 
-2.00120257, -0.28 
-2.00102896, -0.29 
-2.00085535, -0.28 
-2.00068174, -0.29 
-2.00050813, -0.29 
-2.00033452, -0.30 
-2.00016091, -0.29 
-1.99998730, -0.30 
-1.99981369, -0.30 
-1.99964008, -0.31 
-1.99946647, -0.31 
-1.99929286, -0.31 
-1.99911925, -0.31 
-1.99894564, -0.32 
-1.99877203, -0.34 
-1.99859842, -0.33 
-1.99842481, -0.33 
-1.99825120, -0.34 
-1.99807759, -0.34 
-1.99790398, -0.34 
-1.99773037, -0.35 
-1.99755676, -0.34 
-1.99738315, -0.36 
-1.99720954, -0.35 
-1.99703593, -0.36 
-1.99686232, -0.36 
-1.99668871, -0.36 
-1.99651510, -0.36 
-1.99634149, -0.37 
-1.99616788, -0.39 
-1.99599427, -0.37 
-1.99582066, -0.38 
-1.99564705, -0.39 
-1.99547344, -0.39 
-1.99529983, -0.40 
-1.99512622, -0.40 
-1.99495261, -0.41 
-1.99477900, -0.40 
-1.99460539, -0.41 
-1.99443178, -0.41 
-1.99425817, -0.41 
-1.99408456, -0.41 
-1.99391095, -0.42 
-1.99373734, -0.44 
-1.99356373, -0.42 
-1.99339012, -0.44 
-1.99321651, -0.43 
-1.99304290, -0.44 
-1.99286929, -0.45 
-1.99269568, -0.44 
-1.99252207, -0.44 
-1.99234846, -0.45 
-1.99217485, -0.45 
-1.99200124, -0.46 
-1.99182763, -0.47 
-1.99165402, -0.46 
-1.99148041, -0.47 
-1.99130680, -0.47 
-1.99113319, -0.48 
-1.99095958, -0.48 
-1.99078597, -0.47 
-1.99061236, -0.49 
-1.99043875, -0.49 
-1.99026514, -0.49 
-1.99009153, -0.49 
-1.98991792, -0.50 
-1.98974431, -0.50 
-1.98957070, -0.51 
-1.98939709, -0.51 
-1.98922348, -0.51 
-1.98904987, -0.51 
-1.98887626, -0.52 
-1.98870265, -0.51 
-1.98852904, -0.53 
-1.98835543, -0.52 
-1.98818182, -0.53 
-1.98800821, -0.54 
-1.98783460, -0.54 
-1.98766099, -0.54 
-1.98748738, -0.54 
-1.98731377, -0.55 
-1.98714016, -0.55 
-1.98696655, -0.55 
-1.98679294, -0.56 
-1.98661933, -0.56 
-1.98644572, -0.57 
-1.98627211, -0.57 
-1.98609850, -0.57 
-1.98592489, -0.57 
-1.98575128, -0.58 
-1.98557767, -0.57 
-1.98540406, -0.58 
-1.98523045, -0.58 
-1.98505684, -0.59 
-1.98488323, -0.60 
-1.98470962, -0.59 
-1.98453601, -0.60 
-1.98436240, -0.60 
-1.98418879, -0.61 
-1.98401518, -0.61 
-1.98384157, -0.61 
-1.98366796, -0.62 
-1.98349435, -0.62 
-1.98332074, -0.62 
-1.98314713, -0.62 
-1.98297352, -0.63 
-1.98279991, -0.62 
-1.98262630, -0.63 
-1.98245269, -0.65 
-1.98227908, -0.64 
-1.98210547, -0.64 
-1.98193186, -0.65 
-1.98175825, -0.65 
-1.98158464, -0.66 
-1.98141103, -0.66 
-1.98123742, -0.66 
-1.98106381, -0.67 
-1.98089020, -0.66 
-1.98071659, -0.67 
-1.98054298, -0.68 
-1.98036937, -0.68 
-1.98019576, -0.68 
-1.98002215, -0.69 
-1.97984854, -0.69 
-1.97967493, -0.69 
-1.97950132, -0.69 
-1.97932771, -0.70 
-1.97915410, -0.69 
-1.97898049, -0.70 
-1.97880688, -0.71 
-1.97863327, -0.71 
-1.97845966, -0.71 
-1.97828605, -0.71 
-1.97811244, -0.72 
-1.97793883, -0.71 
-1.97776522, -0.72 
-1.97759161, -0.72 
-1.97741800, -0.73 
-1.97724439, -0.74 
-1.97707078, -0.74 
-1.97689717, -0.73 
-1.97672356, -0.74 
-1.97654995, -0.74 
-1.97637634, -0.73 
-1.97620273, -0.75 
-1.97602912, -0.76 
-1.97585551, -0.76 
-1.97568190, -0.76 
-1.97550829, -0.77 
-1.97533468, -0.77 
-1.97516107, -0.77 
-1.97498746, -0.77 
-1.97481385, -0.78 
-1.97464024, -0.78 
-1.97446663, -0.78 
-1.97429302, -0.78 
-1.97411941, -0.79 
-1.97394580, -0.78 
-1.97377219, -0.80 
-1.97359858, -0.80 
-1.97342497, -0.79 
-1.97325136, -0.80 
-1.97307775, -0.80 
-1.97290414, -0.80 
-1.97273053, -0.81 
-1.97255692, -0.81 
-1.97238331, -0.82 
-1.97220970, -0.82 
-1.97203609, -0.83 
-1.97186248, -0.83 
-1.97168887, -0.83 
-1.97151526, -0.83 
-1.97134165, -0.84 
-1.97116804, -0.84 
-1.97099443, -0.85 
-1.97082082, -0.85 
-1.97064721, -0.84 
-1.97047360, -0.85 
-1.97029999, -0.85 
-1.97012638, -0.86 
-1.96995277, -0.86 
-1.96977916, -0.86 
-1.96960555, -0.86 
-1.96943194, -0.87 
-1.96925833, -0.87 
-1.96908472, -0.87 
-1.96891111, -0.88 
-1.96873750, -0.87 
-1.96856389, -0.88 
-1.96839028, -0.89 
-1.96821667, -0.89 
-1.96804306, -0.90 
-1.96786945, -0.90 
-1.96769584, -0.90 
-1.96752223, -0.90 
-1.96734862, -0.91 
-1.96717501, -0.90 
-1.96700140, -0.91 
-1.96682779, -0.91 
-1.96665418, -0.91 
-1.96648057, -0.92 
-1.96630696, -0.93 
-1.96613335, -0.93 
-1.96595974, -0.94 
-1.96578613, -0.93 
-1.96561252, -0.93 
-1.96543891, -0.94 
-1.96526530, -0.94 
-1.96509169, -0.95 
-1.96491808, -0.95 
-1.96474447, -0.95 
-1.96457086, -0.95 
-1.96439725, -0.96 
-1.96422364, -0.95 
-1.96405003, -0.96 
-1.96387642, -0.97 
-1.96370281, -0.97 
-1.96352920, -0.96 
-1.96335559, -0.97 
-1.96318198, -0.98 
-1.96300837, -0.98 
-1.96283476, -0.98 
-1.96266115, -0.98 
-1.96248754, -0.98 
-1.96231393, -0.99 
-1.96214032, -0.99 
-1.96196671, -1.00 
-1.96179310, -0.99 
-1.96161949, -0.99 
-1.96144588, -0.99 
-1.96127227, -1.00 
-1.96109866, -1.01 
-1.96092505, -1.01 
-1.96075144, -1.01 
-1.96057783, -1.02 
-1.96040422, -1.01 
-1.96023061, -1.02 
-1.96005700, -1.02 
-1.95988339, -1.03 
-1.95970978, -1.03 
-1.95953617, -1.03 
-1.95936256, -1.03 
-1.95918895, -1.04 
-1.95901534, -1.03 
-1.95884173, -1.04 
-1.95866812, -1.03 
-1.95849451, -1.04 
-1.95832090, -1.04 
-1.95814729, -1.05 
-1.95797368, -1.04 
-1.95780007, -1.05 
-1.95762646, -1.05 
-1.95745285, -1.06 
-1.95727924, -1.07 
-1.95710563, -1.07 
-1.95693202, -1.07 
-1.95675841, -1.07 
-1.95658480, -1.08 
-1.95641119, -1.08 
-1.95623758, -1.07 
-1.95606397, -1.08 
-1.95589036, -1.08 
-1.95571675, -1.09 
-1.95554314, -1.09 
-1.95536953, -1.09 
-1.95519592, -1.10 
-1.95502231, -1.09 
-1.95484870, -1.10 
-1.95467509, -1.10 
-1.95450148, -1.11 
-1.95432787, -1.10 
-1.95415426, -1.11 
-1.95398065, -1.12 
-1.95380704, -1.12 
-1.95363343, -1.12 
-1.95345982, -1.12 
-1.95328621, -1.12 
-1.95311260, -1.12 
-1.95293899, -1.12 
-1.95276538, -1.13 
-1.95259177, -1.14 
-1.95241816, -1.14 
-1.95224455, -1.13 
-1.95207094, -1.14 
-1.95189733, -1.14 
-1.95172372, -1.14 
-1.95155011, -1.15 
-1.95137650, -1.15 
-1.95120289, -1.14 
-1.95102928, -1.15 
-1.95085567, -1.16 
-1.95068206, -1.16 
-1.95050845, -1.16 
-1.95033484, -1.16 
-1.95016123, -1.17 
-1.94998762, -1.17 
-1.94981401, -1.17 
-1.94964040, -1.18 
-1.94946679, -1.18 
-1.94929318, -1.18 
-1.94911957, -1.18 
-1.94894596, -1.19 
-1.94877235, -1.18 
-1.94859874, -1.18 
-1.94842513, -1.19 
-1.94825152, -1.19 
-1.94807791, -1.19 
-1.94790430, -1.20 
-1.94773069, -1.20 
-1.94755708, -1.19 
-1.94738347, -1.20 
-1.94720986, -1.21 
-1.94703625, -1.20 
-1.94686264, -1.21 
-1.94668903, -1.21 
-1.94651542, -1.22 
-1.94634181, -1.22 
-1.94616820, -1.22 
-1.94599459, -1.22 
-1.94582098, -1.23 
-1.94564737, -1.22 
-1.94547376, -1.23 
-1.94530015, -1.24 
-1.94512654, -1.22 
-1.94495293, -1.23 
-1.94477932, -1.23 
-1.94460571, -1.24 
-1.94443210, -1.24 
-1.94425849, -1.25 
-1.94408488, -1.25 
-1.94391127, -1.25 
-1.94373766, -1.25 
-1.94356405, -1.25 
-1.94339044, -1.25 
-1.94321683, -1.26 
-1.94304322, -1.25 
-1.94286961, -1.26 
-1.94269600, -1.27 
-1.94252239, -1.26 
-1.94234878, -1.26 
-1.94217517, -1.27 
-1.94200156, -1.27 
-1.94182795, -1.27 
-1.94165434, -1.27 
-1.94148073, -1.28 
-1.94130712, -1.27 
-1.94113351, -1.28 
-1.94095990, -1.29 
-1.94078629, -1.29 
-1.94061268, -1.29 
-1.94043907, -1.27 
-1.94026546, -1.29 
-1.94009185, -1.30 
-1.93991824, -1.30 
-1.93974463, -1.31 
-1.93957102, -1.30 
-1.93939741, -1.30 
-1.93922380, -1.31 
-1.93905019, -1.30 
-1.93887658, -1.31 
-1.93870297, -1.31 
-1.93852936, -1.31 
-1.93835575, -1.31 
-1.93818214, -1.32 
-1.93800853, -1.32 
-1.93783492, -1.32 
-1.93766131, -1.32 
-1.93748770, -1.33 
-1.93731409, -1.32 
-1.93714048, -1.33 
-1.93696687, -1.33 
-1.93679326, -1.33 
-1.93661965, -1.33 
-1.93644604, -1.34 
-1.93627243, -1.34 
-1.93609882, -1.35 
-1.93592521, -1.34 
-1.93575160, -1.34 
-1.93557799, -1.35 
-1.93540438, -1.35 
-1.93523077, -1.35 
-1.93505716, -1.35 
-1.93488355, -1.35 
-1.93470994, -1.35 
-1.93453633, -1.36 
-1.93436272, -1.36 
-1.93418911, -1.36 
-1.93401550, -1.37 
-1.93384189, -1.37 
-1.93366828, -1.37 
-1.93349467, -1.37 
-1.93332106, -1.38 
-1.93314745, -1.36 
-1.93297384, -1.37 
-1.93280023, -1.38 
-1.93262662, -1.37 
-1.93245301, -1.39 
-1.93227940, -1.38 
-1.93210579, -1.38 
-1.93193218, -1.37 
-1.93175857, -1.39 
-1.93158496, -1.39 
-1.93141135, -1.40 
-1.93123774, -1.39 
-1.93106413, -1.39 
-1.93089052, -1.40 
-1.93071691, -1.39 
-1.93054330, -1.39 
-1.93036969, -1.39 
-1.93019608, -1.40 
-1.93002247, -1.41 
-1.92984886, -1.41 
-1.92967525, -1.42 
-1.92950164, -1.41 
-1.92932803, -1.41 
-1.92915442, -1.40 
-1.92898081, -1.41 
-1.92880720, -1.41 
-1.92863359, -1.42 
-1.92845998, -1.41 
-1.92828637, -1.42 
-1.92811276, -1.43 
-1.92793915, -1.41 
-1.92776554, -1.42 
-1.92759193, -1.42 
-1.92741832, -1.43 
-1.92724471, -1.43 
-1.92707110, -1.43 
-1.92689749, -1.43 
-1.92672388, -1.44 
-1.92655027, -1.43 
-1.92637666, -1.43 
-1.92620305, -1.43 
-1.92602944, -1.43 
-1.92585583, -1.44 
-1.92568222, -1.44 
-1.92550861, -1.45 
-1.92533500, -1.45 
-1.92516139, -1.44 
-1.92498778, -1.45 
-1.92481417, -1.45 
-1.92464056, -1.45 
-1.92446695, -1.45 
-1.92429334, -1.45 
-1.92411973, -1.46 
-1.92394612, -1.46 
-1.92377251, -1.46 
-1.92359890, -1.46 
-1.92342529, -1.46 
-1.92325168, -1.46 
-1.92307807, -1.47 
-1.92290446, -1.47 
-1.92273085, -1.47 
-1.92255724, -1.46 
-1.92238363, -1.48 
-1.92221002, -1.46 
-1.92203641, -1.47 
-1.92186280, -1.48 
-1.92168919, -1.47 
-1.92151558, -1.48 
-1.92134197, -1.49 
-1.92116836, -1.50 
-1.92099475, -1.48 
-1.92082114, -1.49 
-1.92064753, -1.50 
-1.92047392, -1.48 
-1.92030031, -1.49 
-1.92012670, -1.48 
-1.91995309, -1.49 
-1.91977948, -1.49 
-1.91960587, -1.49 
-1.91943226, -1.50 
-1.91925865, -1.50 
-1.91908504, -1.49 
-1.91891143, -1.50 
-1.91873782, -1.51 
-1.91856421, -1.50 
-1.91839060, -1.50 
-1.91821699, -1.51 
-1.91804338, -1.50 
-1.91786977, -1.50 
-1.91769616, -1.50 
-1.91752255, -1.51 
-1.91734894, -1.51 
-1.91717533, -1.50 
-1.91700172, -1.51 
-1.91682811, -1.50 
-1.91665450, -1.52 
-1.91648089, -1.52 
-1.91630728, -1.51 
-1.91613367, -1.51 
-1.91596006, -1.53 
-1.91578645, -1.52 
-1.91561284, -1.53 
-1.91543923, -1.52 
-1.91526562, -1.52 
-1.91509201, -1.52 
-1.91491840, -1.52 
-1.91474479, -1.53 
-1.91457118, -1.53 
-1.91439757, -1.53 
-1.91422396, -1.52 
-1.91405035, -1.52 
-1.91387674, -1.53 
-1.91370313, -1.53 
-1.91352952, -1.53 
-1.91335591, -1.53 
-1.91318230, -1.53 
-1.91300869, -1.54 
-1.91283508, -1.53 
-1.91266147, -1.53 
-1.91248786, -1.54 
-1.91231425, -1.54 
-1.91214064, -1.54 
-1.91196703, -1.54 
-1.91179342, -1.54 
-1.91161981, -1.54 
-1.91144620, -1.54 
-1.91127259, -1.55 
-1.91109898, -1.55 
-1.91092537, -1.55 
-1.91075176, -1.54 
-1.91057815, -1.54 
-1.91040454, -1.55 
-1.91023093, -1.55 
-1.91005732, -1.55 
-1.90988371, -1.55 
-1.90971010, -1.54 
-1.90953649, -1.56 
-1.90936288, -1.55 
-1.90918927, -1.55 
-1.90901566, -1.56 
-1.90884205, -1.56 
-1.90866844, -1.56 
-1.90849483, -1.55 
-1.90832122, -1.57 
-1.90814761, -1.57 
-1.90797400, -1.56 
-1.90780039, -1.56 
-1.90762678, -1.56 
-1.90745317, -1.56 
-1.90727956, -1.56 
-1.90710595, -1.56 
-1.90693234, -1.56 
-1.90675873, -1.56 
-1.90658512, -1.57 
-1.90641151, -1.57 
-1.90623790, -1.57 
-1.90606429, -1.58 
-1.90589068, -1.57 
-1.90571707, -1.57 
-1.90554346, -1.57 
-1.90536985, -1.57 
-1.90519624, -1.57 
-1.90502263, -1.57 
-1.90484902, -1.58 
-1.90467541, -1.57 
-1.90450180, -1.57 
-1.90432819, -1.57 
-1.90415458, -1.58 
-1.90398097, -1.58 
-1.90380736, -1.58 
-1.90363375, -1.58 
-1.90346014, -1.58 
-1.90328653, -1.57 
-1.90311292, -1.57 
-1.90293931, -1.58 
-1.90276570, -1.58 
-1.90259209, -1.58 
-1.90241848, -1.58 
-1.90224487, -1.58 
-1.90207126, -1.58 
-1.90189765, -1.58 
-1.90172404, -1.59 
-1.90155043, -1.58 
-1.90137682, -1.58 
-1.90120321, -1.59 
-1.90102960, -1.58 
-1.90085599, -1.58 
-1.90068238, -1.59 
-1.90050877, -1.59 
-1.90033516, -1.59 
-1.90016155, -1.58 
-1.89998794, -1.59 
-1.89981433, -1.59 
-1.89964072, -1.58 
-1.89946711, -1.59 
-1.89929350, -1.59 
-1.89911989, -1.59 
-1.89894628, -1.59 
-1.89877267, -1.59 
-1.89859906, -1.59 
-1.89842545, -1.59 
-1.89825184, -1.60 
-1.89807823, -1.59 
-1.89790462, -1.59 
-1.89773101, -1.59 
-1.89755740, -1.59 
-1.89738379, -1.59 
-1.89721018, -1.59 
-1.89703657, -1.59 
-1.89686296, -1.59 
-1.89668935, -1.60 
-1.89651574, -1.59 
-1.89634213, -1.60 
-1.89616852, -1.59 
-1.89599491, -1.60 
-1.89582130, -1.59 
-1.89564769, -1.60 
-1.89547408, -1.60 
-1.89530047, -1.59 
-1.89512686, -1.59 
-1.89495325, -1.59 
-1.89477964, -1.60 
-1.89460603, -1.60 
-1.89443242, -1.60 
-1.89425881, -1.60 
-1.89408520, -1.60 
-1.89391159, -1.60 
-1.89373798, -1.60 
-1.89356437, -1.60 
-1.89339076, -1.60 
-1.89321715, -1.59 
-1.89304354, -1.60 
-1.89286993, -1.59 
-1.89269632, -1.59 
-1.89252271, -1.60 
-1.89234910, -1.60 
-1.89217549, -1.60 
-1.89200188, -1.61 
-1.89182827, -1.60 
-1.89165466, -1.60 
-1.89148105, -1.59 
-1.89130744, -1.60 
-1.89113383, -1.60 
-1.89096022, -1.59 
-1.89078661, -1.61 
-1.89061300, -1.61 
-1.89043939, -1.60 
-1.89026578, -1.60 
-1.89009217, -1.59 
-1.88991856, -1.60 
-1.88974495, -1.61 
-1.88957134, -1.60 
-1.88939773, -1.60 
-1.88922412, -1.60 
-1.88905051, -1.61 
-1.88887690, -1.61 
-1.88870329, -1.60 
-1.88852968, -1.60 
-1.88835607, -1.61 
-1.88818246, -1.60 
-1.88800885, -1.60 
-1.88783524, -1.60 
-1.88766163, -1.59 
-1.88748802, -1.60 
-1.88731441, -1.61 
-1.88714080, -1.60 
-1.88696719, -1.60 
-1.88679358, -1.60 
-1.88661997, -1.60 
-1.88644636, -1.60 
-1.88627275, -1.61 
-1.88609914, -1.59 
-1.88592553, -1.59 
-1.88575192, -1.60 
-1.88557831, -1.60 
-1.88540470, -1.60 
-1.88523109, -1.60 
-1.88505748, -1.59 
-1.88488387, -1.60 
-1.88471026, -1.60 
-1.88453665, -1.61 
-1.88436304, -1.61 
-1.88418943, -1.61 
-1.88401582, -1.59 
-1.88384221, -1.59 
-1.88366860, -1.59 
-1.88349499, -1.60 
-1.88332138, -1.59 
-1.88314777, -1.59 
-1.88297416, -1.59 
-1.88280055, -1.59 
-1.88262694, -1.59 
-1.88245333, -1.59 
-1.88227972, -1.60 
-1.88210611, -1.59 
-1.88193250, -1.59 
-1.88175889, -1.60 
-1.88158528, -1.58 
-1.88141167, -1.60 
-1.88123806, -1.59 
-1.88106445, -1.59 
-1.88089084, -1.58 
-1.88071723, -1.59 
-1.88054362, -1.59 
-1.88037001, -1.59 
-1.88019640, -1.59 
-1.88002279, -1.59 
-1.87984918, -1.59 
-1.87967557, -1.59 
-1.87950196, -1.58 
-1.87932835, -1.59 
-1.87915474, -1.58 
-1.87898113, -1.58 
-1.87880752, -1.58 
-1.87863391, -1.58 
-1.87846030, -1.58 
-1.87828669, -1.57 
-1.87811308, -1.58 
-1.87793947, -1.58 
-1.87776586, -1.57 
-1.87759225, -1.59 
-1.87741864, -1.57 
-1.87724503, -1.57 
-1.87707142, -1.57 
-1.87689781, -1.58 
-1.87672420, -1.58 
-1.87655059, -1.58 
-1.87637698, -1.59 
-1.87620337, -1.57 
-1.87602976, -1.57 
-1.87585615, -1.57 
-1.87568254, -1.58 
-1.87550893, -1.58 
-1.87533532, -1.57 
-1.87516171, -1.57 
-1.87498810, -1.58 
-1.87481449, -1.56 
-1.87464088, -1.58 
-1.87446727, -1.57 
-1.87429366, -1.57 
-1.87412005, -1.57 
-1.87394644, -1.56 
-1.87377283, -1.56 
-1.87359922, -1.56 
-1.87342561, -1.56 
-1.87325200, -1.57 
-1.87307839, -1.58 
-1.87290478, -1.57 
-1.87273117, -1.57 
-1.87255756, -1.56 
-1.87238395, -1.56 
-1.87221034, -1.56 
-1.87203673, -1.56 
-1.87186312, -1.56 
-1.87168951, -1.56 
-1.87151590, -1.56 
-1.87134229, -1.55 
-1.87116868, -1.56 
-1.87099507, -1.56 
-1.87082146, -1.55 
-1.87064785, -1.55 
-1.87047424, -1.54 
-1.87030063, -1.56 
-1.87012702, -1.55 
-1.86995341, -1.55 
-1.86977980, -1.54 
-1.86960619, -1.55 
-1.86943258, -1.54 
-1.86925897, -1.54 
-1.86908536, -1.54 
-1.86891175, -1.55 
-1.86873814, -1.54 
-1.86856453, -1.55 
-1.86839092, -1.53 
-1.86821731, -1.54 
-1.86804370, -1.54 
-1.86787009, -1.53 
-1.86769648, -1.53 
-1.86752287, -1.53 
-1.86734926, -1.54 
-1.86717565, -1.54 
-1.86700204, -1.53 
-1.86682843, -1.53 
-1.86665482, -1.53 
-1.86648121, -1.53 
-1.86630760, -1.53 
-1.86613399, -1.53 
-1.86596038, -1.52 
-1.86578677, -1.52 
-1.86561316, -1.52 
-1.86543955, -1.52 
-1.86526594, -1.52 
-1.86509233, -1.51 
-1.86491872, -1.53 
-1.86474511, -1.52 
-1.86457150, -1.52 
-1.86439789, -1.52 
-1.86422428, -1.50 
-1.86405067, -1.52 
-1.86387706, -1.51 
-1.86370345, -1.51 
-1.86352984, -1.51 
-1.86335623, -1.51 
-1.86318262, -1.51 
-1.86300901, -1.51 
-1.86283540, -1.50 
-1.86266179, -1.51 
-1.86248818, -1.50 
-1.86231457, -1.50 
-1.86214096, -1.50 
-1.86196735, -1.51 
-1.86179374, -1.49 
-1.86162013, -1.51 
-1.86144652, -1.50 
-1.86127291, -1.48 
-1.86109930, -1.50 
-1.86092569, -1.49 
-1.86075208, -1.50 
-1.86057847, -1.48 
-1.86040486, -1.49 
-1.86023125, -1.49 
-1.86005764, -1.49 
-1.85988403, -1.49 
-1.85971042, -1.49 
-1.85953681, -1.48 
-1.85936320, -1.49 
-1.85918959, -1.48 
-1.85901598, -1.48 
-1.85884237, -1.48 
-1.85866876, -1.48 
-1.85849515, -1.47 
-1.85832154, -1.47 
-1.85814793, -1.47 
-1.85797432, -1.47 
-1.85780071, -1.47 
-1.85762710, -1.47 
-1.85745349, -1.46 
-1.85727988, -1.47 
-1.85710627, -1.46 
-1.85693266, -1.47 
-1.85675905, -1.46 
-1.85658544, -1.46 
-1.85641183, -1.47 
-1.85623822, -1.46 
-1.85606461, -1.45 
-1.85589100, -1.46 
-1.85571739, -1.45 
-1.85554378, -1.45 
-1.85537017, -1.45 
-1.85519656, -1.45 
-1.85502295, -1.45 
-1.85484934, -1.44 
-1.85467573, -1.45 
-1.85450212, -1.44 
-1.85432851, -1.44 
-1.85415490, -1.44 
-1.85398129, -1.44 
-1.85380768, -1.44 
-1.85363407, -1.44 
-1.85346046, -1.43 
-1.85328685, -1.43 
-1.85311324, -1.43 
-1.85293963, -1.43 
-1.85276602, -1.42 
-1.85259241, -1.42 
-1.85241880, -1.43 
-1.85224519, -1.42 
-1.85207158, -1.42 
-1.85189797, -1.43 
-1.85172436, -1.41 
-1.85155075, -1.41 
-1.85137714, -1.42 
-1.85120353, -1.41 
-1.85102992, -1.41 
-1.85085631, -1.41 
-1.85068270, -1.41 
-1.85050909, -1.41 
-1.85033548, -1.40 
-1.85016187, -1.41 
-1.84998826, -1.39 
-1.84981465, -1.40 
-1.84964104, -1.40 
-1.84946743, -1.39 
-1.84929382, -1.39 
-1.84912021, -1.39 
-1.84894660, -1.39 
-1.84877299, -1.39 
-1.84859938, -1.40 
-1.84842577, -1.39 
-1.84825216, -1.38 
-1.84807855, -1.38 
-1.84790494, -1.38 
-1.84773133, -1.38 
-1.84755772, -1.38 
-1.84738411, -1.37 
-1.84721050, -1.37 
-1.84703689, -1.37 
-1.84686328, -1.37 
-1.84668967, -1.37 
-1.84651606, -1.36 
-1.84634245, -1.36 
-1.84616884, -1.36 
-1.84599523, -1.36 
-1.84582162, -1.36 
-1.84564801, -1.36 
-1.84547440, -1.34 
-1.84530079, -1.35 
-1.84512718, -1.35 
-1.84495357, -1.35 
-1.84477996, -1.35 
-1.84460635, -1.35 
-1.84443274, -1.34 
-1.84425913, -1.34 
-1.84408552, -1.34 
-1.84391191, -1.34 
-1.84373830, -1.34 
-1.84356469, -1.34 
-1.84339108, -1.33 
-1.84321747, -1.32 
-1.84304386, -1.34 
-1.84287025, -1.33 
-1.84269664, -1.32 
-1.84252303, -1.32 
-1.84234942, -1.32 
-1.84217581, -1.32 
-1.84200220, -1.32 
-1.84182859, -1.32 
-1.84165498, -1.31 
-1.84148137, -1.31 
-1.84130776, -1.31 
-1.84113415, -1.30 
-1.84096054, -1.29 
-1.84078693, -1.31 
-1.84061332, -1.30 
-1.84043971, -1.30 
-1.84026610, -1.29 
-1.84009249, -1.28 
-1.83991888, -1.29 
-1.83974527, -1.30 
-1.83957166, -1.30 
-1.83939805, -1.29 
-1.83922444, -1.29 
-1.83905083, -1.27 
-1.83887722, -1.28 
-1.83870361, -1.27 
-1.83853000, -1.27 
-1.83835639, -1.27 
-1.83818278, -1.26 
-1.83800917, -1.27 
-1.83783556, -1.26 
-1.83766195, -1.26 
-1.83748834, -1.26 
-1.83731473, -1.26 
-1.83714112, -1.26 
-1.83696751, -1.25 
-1.83679390, -1.25 
-1.83662029, -1.24 
-1.83644668, -1.24 
-1.83627307, -1.25 
-1.83609946, -1.25 
-1.83592585, -1.24 
-1.83575224, -1.23 
-1.83557863, -1.24 
-1.83540502, -1.23 
-1.83523141, -1.24 
-1.83505780, -1.23 
-1.83488419, -1.23 
-1.83471058, -1.23 
-1.83453697, -1.22 
-1.83436336, -1.21 
-1.83418975, -1.22 
-1.83401614, -1.22 
-1.83384253, -1.21 
-1.83366892, -1.21 
-1.83349531, -1.22 
-1.83332170, -1.21 
-1.83314809, -1.20 
-1.83297448, -1.20 
-1.83280087, -1.21 
-1.83262726, -1.19 
-1.83245365, -1.20 
-1.83228004, -1.19 
-1.83210643, -1.19 
-1.83193282, -1.19 
-1.83175921, -1.19 
-1.83158560, -1.19 
-1.83141199, -1.18 
-1.83123838, -1.17 
-1.83106477, -1.17 
-1.83089116, -1.18 
-1.83071755, -1.17 
-1.83054394, -1.17 
-1.83037033, -1.18 
-1.83019672, -1.17 
-1.83002311, -1.17 
-1.82984950, -1.16 
-1.82967589, -1.16 
-1.82950228, -1.15 
-1.82932867, -1.16 
-1.82915506, -1.15 
-1.82898145, -1.15 
-1.82880784, -1.15 
-1.82863423, -1.14 
-1.82846062, -1.14 
-1.82828701, -1.14 
-1.82811340, -1.14 
-1.82793979, -1.14 
-1.82776618, -1.13 
-1.82759257, -1.13 
-1.82741896, -1.13 
-1.82724535, -1.13 
-1.82707174, -1.12 
-1.82689813, -1.12 
-1.82672452, -1.11 
-1.82655091, -1.11 
-1.82637730, -1.11 
-1.82620369, -1.11 
-1.82603008, -1.11 
-1.82585647, -1.11 
-1.82568286, -1.11 
-1.82550925, -1.10 
-1.82533564, -1.10 
-1.82516203, -1.10 
-1.82498842, -1.09 
-1.82481481, -1.09 
-1.82464120, -1.09 
-1.82446759, -1.08 
-1.82429398, -1.07 
-1.82412037, -1.08 
-1.82394676, -1.08 
-1.82377315, -1.08 
-1.82359954, -1.07 
-1.82342593, -1.07 
-1.82325232, -1.06 
-1.82307871, -1.06 
-1.82290510, -1.07 
-1.82273149, -1.06 
-1.82255788, -1.06 
-1.82238427, -1.05 
-1.82221066, -1.05 
-1.82203705, -1.05 
-1.82186344, -1.04 
-1.82168983, -1.04 
-1.82151622, -1.04 
-1.82134261, -1.03 
-1.82116900, -1.03 
-1.82099539, -1.04 
-1.82082178, -1.03 
-1.82064817, -1.02 
-1.82047456, -1.03 
-1.82030095, -1.02 
-1.82012734, -1.02 
-1.81995373, -1.01 
-1.81978012, -1.02 
-1.81960651, -1.00 
-1.81943290, -1.00 
-1.81925929, -1.00 
-1.81908568, -1.00 
-1.81891207, -1.00 
-1.81873846, -0.99 
-1.81856485, -1.00 
-1.81839124, -0.99 
-1.81821763, -0.99 
-1.81804402, -0.99 
-1.81787041, -0.98 
-1.81769680, -0.97 
-1.81752319, -0.99 
-1.81734958, -0.98 
-1.81717597, -0.97 
-1.81700236, -0.97 
-1.81682875, -0.97 
-1.81665514, -0.97 
-1.81648153, -0.97 
-1.81630792, -0.96 
-1.81613431, -0.95 
-1.81596070, -0.96 
-1.81578709, -0.95 
-1.81561348, -0.96 
-1.81543987, -0.94 
-1.81526626, -0.94 
-1.81509265, -0.95 
-1.81491904, -0.95 
-1.81474543, -0.93 
-1.81457182, -0.94 
-1.81439821, -0.93 
-1.81422460, -0.92 
-1.81405099, -0.92 
-1.81387738, -0.92 
-1.81370377, -0.92 
-1.81353016, -0.90 
-1.81335655, -0.92 
-1.81318294, -0.91 
-1.81300933, -0.91 
-1.81283572, -0.91 
-1.81266211, -0.91 
-1.81248850, -0.90 
-1.81231489, -0.89 
-1.81214128, -0.89 
-1.81196767, -0.89 
-1.81179406, -0.88 
-1.81162045, -0.88 
-1.81144684, -0.88 
-1.81127323, -0.88 
-1.81109962, -0.88 
-1.81092601, -0.88 
-1.81075240, -0.87 
-1.81057879, -0.87 
-1.81040518, -0.86 
-1.81023157, -0.86 
-1.81005796, -0.85 
-1.80988435, -0.84 
-1.80971074, -0.85 
-1.80953713, -0.84 
-1.80936352, -0.85 
-1.80918991, -0.85 
-1.80901630, -0.84 
-1.80884269, -0.83 
-1.80866908, -0.84 
-1.80849547, -0.83 
-1.80832186, -0.84 
-1.80814825, -0.82 
-1.80797464, -0.82 
-1.80780103, -0.82 
-1.80762742, -0.81 
-1.80745381, -0.81 
-1.80728020, -0.80 
-1.80710659, -0.81 
-1.80693298, -0.80 
-1.80675937, -0.80 
-1.80658576, -0.79 
-1.80641215, -0.80 
-1.80623854, -0.78 
-1.80606493, -0.79 
-1.80589132, -0.78 
-1.80571771, -0.78 
-1.80554410, -0.77 
-1.80537049, -0.77 
-1.80519688, -0.76 
-1.80502327, -0.77 
-1.80484966, -0.76 
-1.80467605, -0.77 
-1.80450244, -0.75 
-1.80432883, -0.75 
-1.80415522, -0.75 
-1.80398161, -0.76 
-1.80380800, -0.75 
-1.80363439, -0.75 
-1.80346078, -0.73 
-1.80328717, -0.74 
-1.80311356, -0.74 
-1.80293995, -0.74 
-1.80276634, -0.72 
-1.80259273, -0.73 
-1.80241912, -0.72 
-1.80224551, -0.72 
-1.80207190, -0.72 
-1.80189829, -0.71 
-1.80172468, -0.70 
-1.80155107, -0.70 
-1.80137746, -0.70 
-1.80120385, -0.70 
-1.80103024, -0.70 
-1.80085663, -0.69 
-1.80068302, -0.69 
-1.80050941, -0.68 
-1.80033580, -0.68 
-1.80016219, -0.68 
-1.79998858, -0.69 
-1.79981497, -0.67 
-1.79964136, -0.68 
-1.79946775, -0.67 
-1.79929414, -0.67 
-1.79912053, -0.66 
-1.79894692, -0.65 
-1.79877331, -0.66 
-1.79859970, -0.65 
-1.79842609, -0.65 
-1.79825248, -0.65 
-1.79807887, -0.64 
-1.79790526, -0.64 
-1.79773165, -0.63 
-1.79755804, -0.63 
-1.79738443, -0.63 
-1.79721082, -0.62 
-1.79703721, -0.63 
-1.79686360, -0.63 
-1.79668999, -0.62 
-1.79651638, -0.61 
-1.79634277, -0.61 
-1.79616916, -0.61 
-1.79599555, -0.60 
-1.79582194, -0.60 
-1.79564833, -0.60 
-1.79547472, -0.59 
-1.79530111, -0.59 
-1.79512750, -0.60 
-1.79495389, -0.59 
-1.79478028, -0.58 
-1.79460667, -0.58 
-1.79443306, -0.58 
-1.79425945, -0.57 
-1.79408584, -0.57 
-1.79391223, -0.57 
-1.79373862, -0.55 
-1.79356501, -0.56 
-1.79339140, -0.55 
-1.79321779, -0.56 
-1.79304418, -0.55 
-1.79287057, -0.54 
-1.79269696, -0.54 
-1.79252335, -0.53 
-1.79234974, -0.53 
-1.79217613, -0.53 
-1.79200252, -0.53 
-1.79182891, -0.52 
-1.79165530, -0.52 
-1.79148169, -0.52 
-1.79130808, -0.52 
-1.79113447, -0.51 
-1.79096086, -0.51 
-1.79078725, -0.50 
-1.79061364, -0.51 
-1.79044003, -0.50 
-1.79026642, -0.50 
-1.79009281, -0.49 
-1.78991920, -0.49 
-1.78974559, -0.49 
-1.78957198, -0.48 
-1.78939837, -0.47 
-1.78922476, -0.48 
-1.78905115, -0.48 
-1.78887754, -0.46 
-1.78870393, -0.46 
-1.78853032, -0.46 
-1.78835671, -0.46 
-1.78818310, -0.46 
-1.78800949, -0.45 
-1.78783588, -0.45 
-1.78766227, -0.45 
-1.78748866, -0.45 
-1.78731505, -0.44 
-1.78714144, -0.43 
-1.78696783, -0.43 
-1.78679422, -0.43 
-1.78662061, -0.43 
-1.78644700, -0.42 
-1.78627339, -0.41 
-1.78609978, -0.42 
-1.78592617, -0.41 
-1.78575256, -0.40 
-1.78557895, -0.41 
-1.78540534, -0.40 
-1.78523173, -0.40 
-1.78505812, -0.39 
-1.78488451, -0.39 
-1.78471090, -0.39 
-1.78453729, -0.38 
-1.78436368, -0.38 
-1.78419007, -0.38 
-1.78401646, -0.37 
-1.78384285, -0.37 
-1.78366924, -0.38 
-1.78349563, -0.37 
-1.78332202, -0.36 
-1.78314841, -0.37 
-1.78297480, -0.35 
-1.78280119, -0.35 
-1.78262758, -0.35 
-1.78245397, -0.35 
-1.78228036, -0.35 
-1.78210675, -0.34 
-1.78193314, -0.34 
-1.78175953, -0.33 
-1.78158592, -0.33 
-1.78141231, -0.32 
-1.78123870, -0.32 
-1.78106509, -0.32 
-1.78089148, -0.31 
-1.78071787, -0.31 
-1.78054426, -0.31 
-1.78037065, -0.31 
-1.78019704, -0.29 
-1.78002343, -0.30 
-1.77984982, -0.29 
-1.77967621, -0.29 
-1.77950260, -0.29 
-1.77932899, -0.28 
-1.77915538, -0.27 
-1.77898177, -0.27 
-1.77880816, -0.27 
-1.77863455, -0.27 
-1.77846094, -0.26 
-1.77828733, -0.26 
-1.77811372, -0.26 
-1.77794011, -0.26 
-1.77776650, -0.25 
-1.77759289, -0.26 
-1.77741928, -0.25 
-1.77724567, -0.25 
-1.77707206, -0.24 
-1.77689845, -0.23 
-1.77672484, -0.23 
-1.77655123, -0.23 
-1.77637762, -0.23 
-1.77620401, -0.22 
-1.77603040, -0.21 
-1.77585679, -0.21 
-1.77568318, -0.21 
-1.77550957, -0.20 
-1.77533596, -0.21 
-1.77516235, -0.20 
-1.77498874, -0.19 
-1.77481513, -0.19 
-1.77464152, -0.19 
-1.77446791, -0.18 
-1.77429430, -0.19 
-1.77412069, -0.17 
-1.77394708, -0.17 
-1.77377347, -0.17 
-1.77359986, -0.17 
-1.77342625, -0.16 
-1.77325264, -0.16 
-1.77307903, -0.16 
-1.77290542, -0.15 
-1.77273181, -0.15 
-1.77255820, -0.15 
-1.77238459, -0.14 
-1.77221098, -0.14 
-1.77203737, -0.13 
-1.77186376, -0.14 
-1.77169015, -0.13 
-1.77151654, -0.13 
-1.77134293, -0.13 
-1.77116932, -0.12 
-1.77099571, -0.12 
-1.77082210, -0.11 
-1.77064849, -0.10 
-1.77047488, -0.10 
-1.77030127, -0.10 
-1.77012766, -0.10 
-1.76995405, -0.10 
-1.76978044, -0.09 
-1.76960683, -0.09 
-1.76943322, -0.09 
-1.76925961, -0.08 
-1.76908600, -0.07 
-1.76891239, -0.08 
-1.76873878, -0.07 
-1.76856517, -0.07 
-1.76839156, -0.06 
-1.76821795, -0.07 
-1.76804434, -0.06 
-1.76787073, -0.06 
-1.76769712, -0.04 
-1.76752351, -0.05 
-1.76734990, -0.04 
-1.76717629, -0.04 
-1.76700268, -0.03 
-1.76682907, -0.04 
-1.76665546, -0.03 
-1.76648185, -0.03 
-1.76630824, -0.02 
-1.76613463, -0.02 
-1.76596102, -0.02 
-1.76578741, -0.01 
-1.76561380, -0.01 
-1.76544019, -0.01 
-1.76526658, -0.00 
-1.76509297,  0.01 
-1.76491936,  0.00 
-1.76474575,  0.01 
-1.76457214,  0.00 
-1.76439853,  0.02 
-1.76422492,  0.02 
-1.76405131,  0.02 
-1.76387770,  0.03 
-1.76370409,  0.02 
-1.76353048,  0.03 
-1.76335687,  0.04 
-1.76318326,  0.04 
-1.76300965,  0.04 
-1.76283604,  0.05 
-1.76266243,  0.05 
-1.76248882,  0.06 
-1.76231521,  0.06 
-1.76214160,  0.05 
-1.76196799,  0.07 
-1.76179438,  0.06 
-1.76162077,  0.07 
-1.76144716,  0.08 
-1.76127355,  0.08 
-1.76109994,  0.09 
-1.76092633,  0.09 
-1.76075272,  0.08 
-1.76057911,  0.09 
-1.76040550,  0.09 
-1.76023189,  0.10 
-1.76005828,  0.10 
-1.75988467,  0.11 
-1.75971106,  0.12 
-1.75953745,  0.11 
-1.75936384,  0.11 
-1.75919023,  0.12 
-1.75901662,  0.12 
-1.75884301,  0.13 
-1.75866940,  0.14 
-1.75849579,  0.13 
-1.75832218,  0.14 
-1.75814857,  0.14 
-1.75797496,  0.14 
-1.75780135,  0.14 
-1.75762774,  0.16 
-1.75745413,  0.16 
-1.75728052,  0.16 
-1.75710691,  0.17 
-1.75693330,  0.16 
-1.75675969,  0.17 
-1.75658608,  0.17 
-1.75641247,  0.18 
-1.75623886,  0.19 
-1.75606525,  0.18 
-1.75589164,  0.18 
-1.75571803,  0.20 
-1.75554442,  0.19 
-1.75537081,  0.19 
-1.75519720,  0.20 
-1.75502359,  0.21 
-1.75484998,  0.21 
-1.75467637,  0.21 
-1.75450276,  0.21 
-1.75432915,  0.22 
-1.75415554,  0.22 
-1.75398193,  0.24 
-1.75380832,  0.23 
-1.75363471,  0.23 
-1.75346110,  0.23 
-1.75328749,  0.25 
-1.75311388,  0.24 
-1.75294027,  0.25 
-1.75276666,  0.25 
-1.75259305,  0.25 
-1.75241944,  0.26 
-1.75224583,  0.27 
-1.75207222,  0.26 
-1.75189861,  0.27 
-1.75172500,  0.27 
-1.75155139,  0.26 
-1.75137778,  0.28 
-1.75120417,  0.28 
-1.75103056,  0.29 
-1.75085695,  0.28 
-1.75068334,  0.29 
-1.75050973,  0.30 
-1.75033612,  0.30 
-1.75016251,  0.29 
-1.74998890,  0.31 
-1.74981529,  0.30 
-1.74964168,  0.31 
-1.74946807,  0.32 
-1.74929446,  0.32 
-1.74912085,  0.32 
-1.74894724,  0.32 
-1.74877363,  0.32 
-1.74860002,  0.33 
-1.74842641,  0.33 
-1.74825280,  0.34 
-1.74807919,  0.35 
-1.74790558,  0.35 
-1.74773197,  0.34 
-1.74755836,  0.35 
-1.74738475,  0.35 
-1.74721114,  0.36 
-1.74703753,  0.36 
-1.74686392,  0.36 
-1.74669031,  0.36 
-1.74651670,  0.38 
-1.74634309,  0.37 
-1.74616948,  0.38 
-1.74599587,  0.38 
-1.74582226,  0.39 
-1.74564865,  0.39 
-1.74547504,  0.39 
-1.74530143,  0.39 
-1.74512782,  0.40 
-1.74495421,  0.41 
-1.74478060,  0.40 
-1.74460699,  0.41 
-1.74443338,  0.41 
-1.74425977,  0.42 
-1.74408616,  0.42 
-1.74391255,  0.43 
-1.74373894,  0.42 
-1.74356533,  0.43 
-1.74339172,  0.44 
-1.74321811,  0.43 
-1.74304450,  0.44 
-1.74287089,  0.45 
-1.74269728,  0.44 
-1.74252367,  0.45 
-1.74235006,  0.46 
-1.74217645,  0.46 
-1.74200284,  0.46 
-1.74182923,  0.46 
-1.74165562,  0.47 
-1.74148201,  0.47 
-1.74130840,  0.48 
-1.74113479,  0.47 
-1.74096118,  0.48 
-1.74078757,  0.49 
-1.74061396,  0.49 
-1.74044035,  0.49 
-1.74026674,  0.49 
-1.74009313,  0.50 
-1.73991952,  0.51 
-1.73974591,  0.51 
-1.73957230,  0.51 
-1.73939869,  0.51 
-1.73922508,  0.51 
-1.73905147,  0.52 
-1.73887786,  0.52 
-1.73870425,  0.52 
-1.73853064,  0.53 
-1.73835703,  0.53 
-1.73818342,  0.53 
-1.73800981,  0.54 
-1.73783620,  0.54 
-1.73766259,  0.54 
-1.73748898,  0.54 
-1.73731537,  0.54 
-1.73714176,  0.56 
-1.73696815,  0.55 
-1.73679454,  0.56 
-1.73662093,  0.56 
-1.73644732,  0.56 
-1.73627371,  0.56 
-1.73610010,  0.57 
-1.73592649,  0.59 
-1.73575288,  0.59 
-1.73557927,  0.57 
-1.73540566,  0.59 
-1.73523205,  0.58 
-1.73505844,  0.59 
-1.73488483,  0.59 
-1.73471122,  0.59 
-1.73453761,  0.59 
-1.73436400,  0.61 
-1.73419039,  0.62 
-1.73401678,  0.61 
-1.73384317,  0.61 
-1.73366956,  0.61 
-1.73349595,  0.62 
-1.73332234,  0.63 
-1.73314873,  0.63 
-1.73297512,  0.63 
-1.73280151,  0.64 
-1.73262790,  0.63 
-1.73245429,  0.64 
-1.73228068,  0.64 
-1.73210707,  0.65 
-1.73193346,  0.65 
-1.73175985,  0.65 
-1.73158624,  0.65 
-1.73141263,  0.66 
-1.73123902,  0.67 
-1.73106541,  0.66 
-1.73089180,  0.66 
-1.73071819,  0.67 
-1.73054458,  0.68 
-1.73037097,  0.68 
-1.73019736,  0.67 
-1.73002375,  0.68 
-1.72985014,  0.69 
-1.72967653,  0.68 
-1.72950292,  0.69 
-1.72932931,  0.70 
-1.72915570,  0.71 
-1.72898209,  0.69 
-1.72880848,  0.70 
-1.72863487,  0.70 
-1.72846126,  0.72 
-1.72828765,  0.71 
-1.72811404,  0.73 
-1.72794043,  0.71 
-1.72776682,  0.73 
-1.72759321,  0.73 
-1.72741960,  0.73 
-1.72724599,  0.74 
-1.72707238,  0.74 
-1.72689877,  0.74 
-1.72672516,  0.74 
-1.72655155,  0.75 
-1.72637794,  0.75 
-1.72620433,  0.75 
-1.72603072,  0.76 
-1.72585711,  0.76 
-1.72568350,  0.76 
-1.72550989,  0.76 
-1.72533628,  0.76 
-1.72516267,  0.77 
-1.72498906,  0.77 
-1.72481545,  0.77 
-1.72464184,  0.78 
-1.72446823,  0.79 
-1.72429462,  0.79 
-1.72412101,  0.79 
-1.72394740,  0.80 
-1.72377379,  0.79 
-1.72360018,  0.79 
-1.72342657,  0.79 
-1.72325296,  0.79 
-1.72307935,  0.81 
-1.72290574,  0.81 
-1.72273213,  0.82 
-1.72255852,  0.82 
-1.72238491,  0.81 
-1.72221130,  0.82 
-1.72203769,  0.83 
-1.72186408,  0.82 
-1.72169047,  0.84 
-1.72151686,  0.83 
-1.72134325,  0.83 
-1.72116964,  0.84 
-1.72099603,  0.84 
-1.72082242,  0.85 
-1.72064881,  0.84 
-1.72047520,  0.85 
-1.72030159,  0.85 
-1.72012798,  0.86 
-1.71995437,  0.86 
-1.71978076,  0.87 
-1.71960715,  0.87 
-1.71943354,  0.86 
-1.71925993,  0.87 
-1.71908632,  0.87 
-1.71891271,  0.88 
-1.71873910,  0.88 
-1.71856549,  0.89 
-1.71839188,  0.89 
-1.71821827,  0.89 
-1.71804466,  0.89 
-1.71787105,  0.90 
-1.71769744,  0.90 
-1.71752383,  0.90 
-1.71735022,  0.91 
-1.71717661,  0.91 
-1.71700300,  0.91 
-1.71682939,  0.91 
-1.71665578,  0.92 
-1.71648217,  0.93 
-1.71630856,  0.93 
-1.71613495,  0.93 
-1.71596134,  0.93 
-1.71578773,  0.93 
-1.71561412,  0.93 
-1.71544051,  0.93 
-1.71526690,  0.94 
-1.71509329,  0.94 
-1.71491968,  0.95 
-1.71474607,  0.94 
-1.71457246,  0.95 
-1.71439885,  0.96 
-1.71422524,  0.95 
-1.71405163,  0.96 
-1.71387802,  0.96 
-1.71370441,  0.96 
-1.71353080,  0.97 
-1.71335719,  0.97 
-1.71318358,  0.98 
-1.71300997,  0.98 
-1.71283636,  0.97 
-1.71266275,  0.97 
-1.71248914,  0.99 
-1.71231553,  0.98 
-1.71214192,  0.99 
-1.71196831,  1.00 
-1.71179470,  1.00 
-1.71162109,  1.00 
-1.71144748,  1.01 
-1.71127387,  1.01 
-1.71110026,  1.00 
-1.71092665,  1.02 
-1.71075304,  1.01 
-1.71057943,  1.00 
-1.71040582,  1.02 
-1.71023221,  1.02 
-1.71005860,  1.03 
-1.70988499,  1.03 
-1.70971138,  1.03 
-1.70953777,  1.02 
-1.70936416,  1.03 
-1.70919055,  1.03 
-1.70901694,  1.04 
-1.70884333,  1.04 
-1.70866972,  1.04 
-1.70849611,  1.04 
-1.70832250,  1.04 
-1.70814889,  1.05 
-1.70797528,  1.05 
-1.70780167,  1.05 
-1.70762806,  1.05 
-1.70745445,  1.06 
-1.70728084,  1.06 
-1.70710723,  1.07 
-1.70693362,  1.07 
-1.70676001,  1.07 
-1.70658640,  1.07 
-1.70641279,  1.07 
-1.70623918,  1.09 
-1.70606557,  1.09 
-1.70589196,  1.09 
-1.70571835,  1.09 
-1.70554474,  1.08 
-1.70537113,  1.08 
-1.70519752,  1.08 
-1.70502391,  1.10 
-1.70485030,  1.09 
-1.70467669,  1.10 
-1.70450308,  1.10 
-1.70432947,  1.12 
-1.70415586,  1.12 
-1.70398225,  1.11 
-1.70380864,  1.11 
-1.70363503,  1.13 
-1.70346142,  1.12 
-1.70328781,  1.12 
-1.70311420,  1.12 
-1.70294059,  1.13 
-1.70276698,  1.14 
-1.70259337,  1.13 
-1.70241976,  1.13 
-1.70224615,  1.14 
-1.70207254,  1.14 
-1.70189893,  1.14 
-1.70172532,  1.15 
-1.70155171,  1.15 
-1.70137810,  1.15 
-1.70120449,  1.14 
-1.70103088,  1.16 
-1.70085727,  1.16 
-1.70068366,  1.16 
-1.70051005,  1.17 
-1.70033644,  1.16 
-1.70016283,  1.16 
-1.69998922,  1.17 
-1.69981561,  1.17 
-1.69964200,  1.17 
-1.69946839,  1.18 
-1.69929478,  1.18 
-1.69912117,  1.18 
-1.69894756,  1.18 
-1.69877395,  1.18 
-1.69860034,  1.19 
-1.69842673,  1.19 
-1.69825312,  1.20 
-1.69807951,  1.19 
-1.69790590,  1.20 
-1.69773229,  1.20 
-1.69755868,  1.21 
-1.69738507,  1.20 
-1.69721146,  1.21 
-1.69703785,  1.21 
-1.69686424,  1.21 
-1.69669063,  1.22 
-1.69651702,  1.21 
-1.69634341,  1.21 
-1.69616980,  1.22 
-1.69599619,  1.23 
-1.69582258,  1.23 
-1.69564897,  1.23 
-1.69547536,  1.22 
-1.69530175,  1.23 
-1.69512814,  1.23 
-1.69495453,  1.22 
-1.69478092,  1.23 
-1.69460731,  1.24 
-1.69443370,  1.24 
-1.69426009,  1.25 
-1.69408648,  1.25 
-1.69391287,  1.25 
-1.69373926,  1.25 
-1.69356565,  1.25 
-1.69339204,  1.25 
-1.69321843,  1.26 
-1.69304482,  1.26 
-1.69287121,  1.26 
-1.69269760,  1.27 
-1.69252399,  1.27 
-1.69235038,  1.26 
-1.69217677,  1.28 
-1.69200316,  1.28 
-1.69182955,  1.28 
-1.69165594,  1.28 
-1.69148233,  1.27 
-1.69130872,  1.28 
-1.69113511,  1.28 
-1.69096150,  1.30 
-1.69078789,  1.29 
-1.69061428,  1.29 
-1.69044067,  1.29 
-1.69026706,  1.29 
-1.69009345,  1.29 
-1.68991984,  1.30 
-1.68974623,  1.29 
-1.68957262,  1.30 
-1.68939901,  1.31 
-1.68922540,  1.31 
-1.68905179,  1.30 
-1.68887818,  1.31 
-1.68870457,  1.31 
-1.68853096,  1.32 
-1.68835735,  1.33 
-1.68818374,  1.32 
-1.68801013,  1.32 
-1.68783652,  1.32 
-1.68766291,  1.33 
-1.68748930,  1.32 
-1.68731569,  1.33 
-1.68714208,  1.33 
-1.68696847,  1.33 
-1.68679486,  1.32 
-1.68662125,  1.33 
-1.68644764,  1.33 
-1.68627403,  1.35 
-1.68610042,  1.34 
-1.68592681,  1.34 
-1.68575320,  1.35 
-1.68557959,  1.35 
-1.68540598,  1.35 
-1.68523237,  1.34 
-1.68505876,  1.35 
-1.68488515,  1.36 
-1.68471154,  1.36 
-1.68453793,  1.36 
-1.68436432,  1.37 
-1.68419071,  1.36 
-1.68401710,  1.36 
-1.68384349,  1.37 
-1.68366988,  1.35 
-1.68349627,  1.37 
-1.68332266,  1.37 
-1.68314905,  1.37 
-1.68297544,  1.37 
-1.68280183,  1.37 
-1.68262822,  1.38 
-1.68245461,  1.38 
-1.68228100,  1.39 
-1.68210739,  1.38 
-1.68193378,  1.39 
-1.68176017,  1.39 
-1.68158656,  1.38 
-1.68141295,  1.39 
-1.68123934,  1.40 
-1.68106573,  1.40 
-1.68089212,  1.40 
-1.68071851,  1.40 
-1.68054490,  1.40 
-1.68037129,  1.41 
-1.68019768,  1.41 
-1.68002407,  1.41 
-1.67985046,  1.40 
-1.67967685,  1.41 
-1.67950324,  1.41 
-1.67932963,  1.41 
-1.67915602,  1.42 
-1.67898241,  1.41 
-1.67880880,  1.42 
-1.67863519,  1.41 
-1.67846158,  1.42 
-1.67828797,  1.41 
-1.67811436,  1.42 
-1.67794075,  1.42 
-1.67776714,  1.42 
-1.67759353,  1.43 
-1.67741992,  1.43 
-1.67724631,  1.43 
-1.67707270,  1.43 
-1.67689909,  1.43 
-1.67672548,  1.43 
-1.67655187,  1.44 
-1.67637826,  1.43 
-1.67620465,  1.44 
-1.67603104,  1.44 
-1.67585743,  1.44 
-1.67568382,  1.44 
-1.67551021,  1.45 
-1.67533660,  1.45 
-1.67516299,  1.44 
-1.67498938,  1.44 
-1.67481577,  1.45 
-1.67464216,  1.45 
-1.67446855,  1.45 
-1.67429494,  1.45 
-1.67412133,  1.45 
-1.67394772,  1.46 
-1.67377411,  1.47 
-1.67360050,  1.47 
-1.67342689,  1.47 
-1.67325328,  1.47 
-1.67307967,  1.46 
-1.67290606,  1.46 
-1.67273245,  1.46 
-1.67255884,  1.46 
-1.67238523,  1.47 
-1.67221162,  1.47 
-1.67203801,  1.48 
-1.67186440,  1.48 
-1.67169079,  1.47 
-1.67151718,  1.49 
-1.67134357,  1.48 
-1.67116996,  1.48 
-1.67099635,  1.47 
-1.67082274,  1.47 
-1.67064913,  1.48 
-1.67047552,  1.49 
-1.67030191,  1.49 
-1.67012830,  1.49 
-1.66995469,  1.49 
-1.66978108,  1.48 
-1.66960747,  1.49 
-1.66943386,  1.50 
-1.66926025,  1.50 
-1.66908664,  1.50 
-1.66891303,  1.51 
-1.66873942,  1.50 
-1.66856581,  1.50 
-1.66839220,  1.51 
-1.66821859,  1.51 
-1.66804498,  1.50 
-1.66787137,  1.49 
-1.66769776,  1.51 
-1.66752415,  1.50 
-1.66735054,  1.50 
-1.66717693,  1.50 
-1.66700332,  1.51 
-1.66682971,  1.51 
-1.66665610,  1.51 
-1.66648249,  1.51 
-1.66630888,  1.52 
-1.66613527,  1.52 
-1.66596166,  1.52 
-1.66578805,  1.52 
-1.66561444,  1.51 
-1.66544083,  1.52 
-1.66526722,  1.52 
-1.66509361,  1.52 
-1.66492000,  1.52 
-1.66474639,  1.52 
-1.66457278,  1.53 
-1.66439917,  1.54 
-1.66422556,  1.52 
-1.66405195,  1.53 
-1.66387834,  1.52 
-1.66370473,  1.53 
-1.66353112,  1.53 
-1.66335751,  1.54 
-1.66318390,  1.52 
-1.66301029,  1.54 
-1.66283668,  1.54 
-1.66266307,  1.54 
-1.66248946,  1.53 
-1.66231585,  1.55 
-1.66214224,  1.54 
-1.66196863,  1.55 
-1.66179502,  1.53 
-1.66162141,  1.55 
-1.66144780,  1.54 
-1.66127419,  1.55 
-1.66110058,  1.55 
-1.66092697,  1.55 
-1.66075336,  1.55 
-1.66057975,  1.55 
-1.66040614,  1.56 
-1.66023253,  1.55 
-1.66005892,  1.55 
-1.65988531,  1.55 
-1.65971170,  1.55 
-1.65953809,  1.55 
-1.65936448,  1.55 
-1.65919087,  1.57 
-1.65901726,  1.55 
-1.65884365,  1.56 
-1.65867004,  1.56 
-1.65849643,  1.55 
-1.65832282,  1.56 
-1.65814921,  1.56 
-1.65797560,  1.57 
-1.65780199,  1.56 
-1.65762838,  1.57 
-1.65745477,  1.55 
-1.65728116,  1.56 
-1.65710755,  1.57 
-1.65693394,  1.57 
-1.65676033,  1.56 
-1.65658672,  1.56 
-1.65641311,  1.57 
-1.65623950,  1.57 
-1.65606589,  1.57 
-1.65589228,  1.57 
-1.65571867,  1.56 
-1.65554506,  1.56 
-1.65537145,  1.57 
-1.65519784,  1.58 
-1.65502423,  1.57 
-1.65485062,  1.57 
-1.65467701,  1.57 
-1.65450340,  1.58 
-1.65432979,  1.58 
-1.65415618,  1.58 
-1.65398257,  1.57 
-1.65380896,  1.57 
-1.65363535,  1.57 
-1.65346174,  1.58 
-1.65328813,  1.59 
-1.65311452,  1.58 
-1.65294091,  1.59 
-1.65276730,  1.59 
-1.65259369,  1.58 
-1.65242008,  1.58 
-1.65224647,  1.58 
-1.65207286,  1.59 
-1.65189925,  1.58 
-1.65172564,  1.58 
-1.65155203,  1.58 
-1.65137842,  1.60 
-1.65120481,  1.59 
-1.65103120,  1.58 
-1.65085759,  1.58 
-1.65068398,  1.59 
-1.65051037,  1.59 
-1.65033676,  1.60 
-1.65016315,  1.59 
-1.64998954,  1.59 
-1.64981593,  1.58 
-1.64964232,  1.59 
-1.64946871,  1.59 
-1.64929510,  1.58 
-1.64912149,  1.59 
-1.64894788,  1.58 
-1.64877427,  1.59 
-1.64860066,  1.60 
-1.64842705,  1.58 
-1.64825344,  1.59 
-1.64807983,  1.59 
-1.64790622,  1.59 
-1.64773261,  1.59 
-1.64755900,  1.59 
-1.64738539,  1.60 
-1.64721178,  1.60 
-1.64703817,  1.59 
-1.64686456,  1.58 
-1.64669095,  1.59 
-1.64651734,  1.60 
-1.64634373,  1.59 
-1.64617012,  1.60 
-1.64599651,  1.60 
-1.64582290,  1.60 
-1.64564929,  1.60 
-1.64547568,  1.60 
-1.64530207,  1.59 
-1.64512846,  1.60 
-1.64495485,  1.60 
-1.64478124,  1.59 
-1.64460763,  1.60 
-1.64443402,  1.60 
-1.64426041,  1.60 
-1.64408680,  1.58 
-1.64391319,  1.60 
-1.64373958,  1.59 
-1.64356597,  1.59 
-1.64339236,  1.60 
-1.64321875,  1.60 
-1.64304514,  1.60 
-1.64287153,  1.60 
-1.64269792,  1.60 
-1.64252431,  1.60 
-1.64235070,  1.60 
-1.64217709,  1.59 
-1.64200348,  1.60 
-1.64182987,  1.59 
-1.64165626,  1.60 
-1.64148265,  1.59 
-1.64130904,  1.60 
-1.64113543,  1.61 
-1.64096182,  1.60 
-1.64078821,  1.61 
-1.64061460,  1.59 
-1.64044099,  1.61 
-1.64026738,  1.58 
-1.64009377,  1.60 
-1.63992016,  1.59 
-1.63974655,  1.60 
-1.63957294,  1.60 
-1.63939933,  1.59 
-1.63922572,  1.60 
-1.63905211,  1.60 
-1.63887850,  1.59 
-1.63870489,  1.60 
-1.63853128,  1.60 
-1.63835767,  1.60 
-1.63818406,  1.60 
-1.63801045,  1.59 
-1.63783684,  1.59 
-1.63766323,  1.60 
-1.63748962,  1.59 
-1.63731601,  1.60 
-1.63714240,  1.60 
-1.63696879,  1.60 
-1.63679518,  1.60 
-1.63662157,  1.60 
-1.63644796,  1.61 
-1.63627435,  1.61 
-1.63610074,  1.60 
-1.63592713,  1.59 
-1.63575352,  1.59 
-1.63557991,  1.59 
-1.63540630,  1.61 
-1.63523269,  1.60 
-1.63505908,  1.60 
-1.63488547,  1.59 
-1.63471186,  1.60 
-1.63453825,  1.60 
-1.63436464,  1.59 
-1.63419103,  1.59 
-1.63401742,  1.59 
-1.63384381,  1.59 
-1.63367020,  1.60 
-1.63349659,  1.60 
-1.63332298,  1.59 
-1.63314937,  1.59 
-1.63297576,  1.59 
-1.63280215,  1.59 
-1.63262854,  1.59 
-1.63245493,  1.59 
-1.63228132,  1.59 
-1.63210771,  1.59 
-1.63193410,  1.59 
-1.63176049,  1.59 
-1.63158688,  1.59 
-1.63141327,  1.60 
-1.63123966,  1.60 
-1.63106605,  1.59 
-1.63089244,  1.60 
-1.63071883,  1.59 
-1.63054522,  1.58 
-1.63037161,  1.59 
-1.63019800,  1.59 
-1.63002439,  1.59 
-1.62985078,  1.59 
-1.62967717,  1.59 
-1.62950356,  1.59 
-1.62932995,  1.59 
-1.62915634,  1.58 
-1.62898273,  1.57 
-1.62880912,  1.58 
-1.62863551,  1.58 
-1.62846190,  1.58 
-1.62828829,  1.59 
-1.62811468,  1.57 
-1.62794107,  1.58 
-1.62776746,  1.59 
-1.62759385,  1.58 
-1.62742024,  1.58 
-1.62724663,  1.58 
-1.62707302,  1.58 
-1.62689941,  1.58 
-1.62672580,  1.59 
-1.62655219,  1.57 
-1.62637858,  1.57 
-1.62620497,  1.57 
-1.62603136,  1.57 
-1.62585775,  1.57 
-1.62568414,  1.57 
-1.62551053,  1.57 
-1.62533692,  1.57 
-1.62516331,  1.57 
-1.62498970,  1.57 
-1.62481609,  1.57 
-1.62464248,  1.58 
-1.62446887,  1.57 
-1.62429526,  1.57 
-1.62412165,  1.58 
-1.62394804,  1.58 
-1.62377443,  1.56 
-1.62360082,  1.57 
-1.62342721,  1.57 
-1.62325360,  1.56 
-1.62307999,  1.56 
-1.62290638,  1.55 
-1.62273277,  1.57 
-1.62255916,  1.57 
-1.62238555,  1.56 
-1.62221194,  1.56 
-1.62203833,  1.56 
-1.62186472,  1.56 
-1.62169111,  1.56 
-1.62151750,  1.56 
-1.62134389,  1.55 
-1.62117028,  1.56 
-1.62099667,  1.55 
-1.62082306,  1.56 
-1.62064945,  1.55 
-1.62047584,  1.54 
-1.62030223,  1.55 
-1.62012862,  1.55 
-1.61995501,  1.55 
-1.61978140,  1.54 
-1.61960779,  1.55 
-1.61943418,  1.55 
-1.61926057,  1.55 
-1.61908696,  1.54 
-1.61891335,  1.55 
-1.61873974,  1.53 
-1.61856613,  1.54 
-1.61839252,  1.55 
-1.61821891,  1.54 
-1.61804530,  1.54 
-1.61787169,  1.52 
-1.61769808,  1.54 
-1.61752447,  1.54 
-1.61735086,  1.53 
-1.61717725,  1.52 
-1.61700364,  1.53 
-1.61683003,  1.53 
-1.61665642,  1.54 
-1.61648281,  1.53 
-1.61630920,  1.54 
-1.61613559,  1.52 
-1.61596198,  1.53 
-1.61578837,  1.53 
-1.61561476,  1.51 
-1.61544115,  1.52 
-1.61526754,  1.52 
-1.61509393,  1.52 
-1.61492032,  1.52 
-1.61474671,  1.52 
-1.61457310,  1.52 
-1.61439949,  1.52 
-1.61422588,  1.51 
-1.61405227,  1.52 
-1.61387866,  1.51 
-1.61370505,  1.51 
-1.61353144,  1.50 
-1.61335783,  1.51 
-1.61318422,  1.51 
-1.61301061,  1.50 
-1.61283700,  1.50 
-1.61266339,  1.50 
-1.61248978,  1.50 
-1.61231617,  1.50 
-1.61214256,  1.50 
-1.61196895,  1.51 
-1.61179534,  1.50 
-1.61162173,  1.50 
-1.61144812,  1.51 
-1.61127451,  1.48 
-1.61110090,  1.50 
-1.61092729,  1.49 
-1.61075368,  1.50 
-1.61058007,  1.49 
-1.61040646,  1.49 
-1.61023285,  1.49 
-1.61005924,  1.49 
-1.60988563,  1.49 
-1.60971202,  1.48 
-1.60953841,  1.49 
-1.60936480,  1.47 
-1.60919119,  1.47 
-1.60901758,  1.48 
-1.60884397,  1.48 
-1.60867036,  1.48 
-1.60849675,  1.48 
-1.60832314,  1.47 
-1.60814953,  1.48 
-1.60797592,  1.47 
-1.60780231,  1.46 
-1.60762870,  1.47 
-1.60745509,  1.47 
-1.60728148,  1.47 
-1.60710787,  1.47 
-1.60693426,  1.47 
-1.60676065,  1.46 
-1.60658704,  1.46 
-1.60641343,  1.47 
-1.60623982,  1.46 
-1.60606621,  1.46 
-1.60589260,  1.45 
-1.60571899,  1.45 
-1.60554538,  1.47 
-1.60537177,  1.44 
-1.60519816,  1.44 
-1.60502455,  1.46 
-1.60485094,  1.44 
-1.60467733,  1.44 
-1.60450372,  1.44 
-1.60433011,  1.44 
-1.60415650,  1.43 
-1.60398289,  1.44 
-1.60380928,  1.43 
-1.60363567,  1.44 
-1.60346206,  1.44 
-1.60328845,  1.43 
-1.60311484,  1.43 
-1.60294123,  1.43 
-1.60276762,  1.43 
-1.60259401,  1.43 
-1.60242040,  1.42 
-1.60224679,  1.42 
-1.60207318,  1.42 
-1.60189957,  1.42 
-1.60172596,  1.42 
-1.60155235,  1.41 
-1.60137874,  1.40 
-1.60120513,  1.41 
-1.60103152,  1.41 
-1.60085791,  1.41 
-1.60068430,  1.41 
-1.60051069,  1.40 
-1.60033708,  1.40 
-1.60016347,  1.41 
-1.59998986,  1.40 
-1.59981625,  1.39 
-1.59964264,  1.40 
-1.59946903,  1.40 
-1.59929542,  1.40 
-1.59912181,  1.39 
-1.59894820,  1.39 
-1.59877459,  1.38 
-1.59860098,  1.38 
-1.59842737,  1.38 
-1.59825376,  1.38 
-1.59808015,  1.38 
-1.59790654,  1.37 
-1.59773293,  1.38 
-1.59755932,  1.38 
-1.59738571,  1.37 
-1.59721210,  1.37 
-1.59703849,  1.38 
-1.59686488,  1.37 
-1.59669127,  1.37 
-1.59651766,  1.37 
-1.59634405,  1.36 
-1.59617044,  1.35 
-1.59599683,  1.36 
-1.59582322,  1.36 
-1.59564961,  1.36 
-1.59547600,  1.37 
-1.59530239,  1.35 
-1.59512878,  1.35 
-1.59495517,  1.36 
-1.59478156,  1.34 
-1.59460795,  1.35 
-1.59443434,  1.34 
-1.59426073,  1.33 
-1.59408712,  1.34 
-1.59391351,  1.34 
-1.59373990,  1.34 
-1.59356629,  1.34 
-1.59339268,  1.34 
-1.59321907,  1.33 
-1.59304546,  1.33 
-1.59287185,  1.33 
-1.59269824,  1.32 
-1.59252463,  1.33 
-1.59235102,  1.32 
-1.59217741,  1.32 
-1.59200380,  1.31 
-1.59183019,  1.31 
-1.59165658,  1.31 
-1.59148297,  1.31 
-1.59130936,  1.30 
-1.59113575,  1.31 
-1.59096214,  1.30 
-1.59078853,  1.30 
-1.59061492,  1.30 
-1.59044131,  1.29 
-1.59026770,  1.29 
-1.59009409,  1.29 
-1.58992048,  1.29 
-1.58974687,  1.29 
-1.58957326,  1.29 
-1.58939965,  1.29 
-1.58922604,  1.28 
-1.58905243,  1.28 
-1.58887882,  1.27 
-1.58870521,  1.28 
-1.58853160,  1.28 
-1.58835799,  1.27 
-1.58818438,  1.27 
-1.58801077,  1.27 
-1.58783716,  1.27 
-1.58766355,  1.27 
-1.58748994,  1.26 
-1.58731633,  1.26 
-1.58714272,  1.27 
-1.58696911,  1.25 
-1.58679550,  1.26 
-1.58662189,  1.24 
-1.58644828,  1.25 
-1.58627467,  1.24 
-1.58610106,  1.25 
-1.58592745,  1.24 
-1.58575384,  1.25 
-1.58558023,  1.24 
-1.58540662,  1.23 
-1.58523301,  1.23 
-1.58505940,  1.22 
-1.58488579,  1.22 
-1.58471218,  1.22 
-1.58453857,  1.23 
-1.58436496,  1.22 
-1.58419135,  1.22 
-1.58401774,  1.21 
-1.58384413,  1.21 
-1.58367052,  1.22 
-1.58349691,  1.21 
-1.58332330,  1.21 
-1.58314969,  1.20 
-1.58297608,  1.21 
-1.58280247,  1.20 
-1.58262886,  1.20 
-1.58245525,  1.19 
-1.58228164,  1.20 
-1.58210803,  1.19 
-1.58193442,  1.20 
-1.58176081,  1.19 
-1.58158720,  1.19 
-1.58141359,  1.19 
-1.58123998,  1.18 
-1.58106637,  1.17 
-1.58089276,  1.19 
-1.58071915,  1.18 
-1.58054554,  1.17 
-1.58037193,  1.17 
-1.58019832,  1.17 
-1.58002471,  1.16 
-1.57985110,  1.17 
-1.57967749,  1.15 
-1.57950388,  1.15 
-1.57933027,  1.16 
-1.57915666,  1.16 
-1.57898305,  1.14 
-1.57880944,  1.14 
-1.57863583,  1.14 
-1.57846222,  1.14 
-1.57828861,  1.14 
-1.57811500,  1.14 
-1.57794139,  1.13 
-1.57776778,  1.13 
-1.57759417,  1.12 
-1.57742056,  1.13 
-1.57724695,  1.13 
-1.57707334,  1.12 
-1.57689973,  1.11 
-1.57672612,  1.11 
-1.57655251,  1.12 
-1.57637890,  1.11 
-1.57620529,  1.11 
-1.57603168,  1.11 
-1.57585807,  1.10 
-1.57568446,  1.10 
-1.57551085,  1.09 
-1.57533724,  1.10 
-1.57516363,  1.10 
-1.57499002,  1.09 
-1.57481641,  1.09 
-1.57464280,  1.09 
-1.57446919,  1.10 
-1.57429558,  1.08 
-1.57412197,  1.08 
-1.57394836,  1.07 
-1.57377475,  1.08 
-1.57360114,  1.07 
-1.57342753,  1.07 
-1.57325392,  1.06 
-1.57308031,  1.06 
-1.57290670,  1.06 
-1.57273309,  1.06 
-1.57255948,  1.05 
-1.57238587,  1.06 
-1.57221226,  1.05 
-1.57203865,  1.05 
-1.57186504,  1.05 
-1.57169143,  1.03 
-1.57151782,  1.05 
-1.57134421,  1.04 
-1.57117060,  1.03 
-1.57099699,  1.03 
-1.57082338,  1.03 
-1.57064977,  1.03 
-1.57047616,  1.03 
-1.57030255,  1.02 
-1.57012894,  1.01 
-1.56995533,  1.02 
-1.56978172,  1.02 
-1.56960811,  1.01 
-1.56943450,  1.01 
-1.56926089,  0.99 
-1.56908728,  1.00 
-1.56891367,  1.00 
-1.56874006,  1.01 
-1.56856645,  0.99 
-1.56839284,  0.98 
-1.56821923,  0.99 
-1.56804562,  1.00 
-1.56787201,  0.98 
-1.56769840,  0.98 
-1.56752479,  0.98 
-1.56735118,  0.97 
-1.56717757,  0.97 
-1.56700396,  0.96 
-1.56683035,  0.97 
-1.56665674,  0.97 
-1.56648313,  0.95 
-1.56630952,  0.95 
-1.56613591,  0.95 
-1.56596230,  0.95 
-1.56578869,  0.95 
-1.56561508,  0.95 
-1.56544147,  0.95 
-1.56526786,  0.94 
-1.56509425,  0.93 
-1.56492064,  0.93 
-1.56474703,  0.93 
-1.56457342,  0.93 
-1.56439981,  0.93 
-1.56422620,  0.93 
-1.56405259,  0.93 
-1.56387898,  0.93 
-1.56370537,  0.91 
-1.56353176,  0.91 
-1.56335815,  0.92 
-1.56318454,  0.90 
-1.56301093,  0.90 
-1.56283732,  0.90 
-1.56266371,  0.89 
-1.56249010,  0.90 
-1.56231649,  0.88 
-1.56214288,  0.89 
-1.56196927,  0.88 
-1.56179566,  0.89 
-1.56162205,  0.88 
-1.56144844,  0.88 
-1.56127483,  0.87 
-1.56110122,  0.87 
-1.56092761,  0.87 
-1.56075400,  0.87 
-1.56058039,  0.86 
-1.56040678,  0.85 
-1.56023317,  0.86 
-1.56005956,  0.86 
-1.55988595,  0.85 
-1.55971234,  0.85 
-1.55953873,  0.84 
-1.55936512,  0.84 
-1.55919151,  0.83 
-1.55901790,  0.83 
-1.55884429,  0.84 
-1.55867068,  0.83 
-1.55849707,  0.82 
-1.55832346,  0.83 
-1.55814985,  0.82 
-1.55797624,  0.81 
-1.55780263,  0.81 
-1.55762902,  0.81 
-1.55745541,  0.82 
-1.55728180,  0.81 
-1.55710819,  0.81 
-1.55693458,  0.80 
-1.55676097,  0.80 
-1.55658736,  0.80 
-1.55641375,  0.79 
-1.55624014,  0.79 
-1.55606653,  0.79 
-1.55589292,  0.78 
-1.55571931,  0.78 
-1.55554570,  0.78 
-1.55537209,  0.78 
-1.55519848,  0.76 
-1.55502487,  0.77 
-1.55485126,  0.76 
-1.55467765,  0.76 
-1.55450404,  0.76 
-1.55433043,  0.75 
-1.55415682,  0.74 
-1.55398321,  0.75 
-1.55380960,  0.74 
-1.55363599,  0.74 
-1.55346238,  0.74 
-1.55328877,  0.73 
-1.55311516,  0.74 
-1.55294155,  0.73 
-1.55276794,  0.72 
-1.55259433,  0.72 
-1.55242072,  0.71 
-1.55224711,  0.72 
-1.55207350,  0.72 
-1.55189989,  0.72 
-1.55172628,  0.71 
-1.55155267,  0.71 
-1.55137906,  0.70 
-1.55120545,  0.69 
-1.55103184,  0.69 
-1.55085823,  0.69 
-1.55068462,  0.68 
-1.55051101,  0.68 
-1.55033740,  0.68 
-1.55016379,  0.68 
-1.54999018,  0.67 
-1.54981657,  0.67 
-1.54964296,  0.67 
-1.54946935,  0.68 
-1.54929574,  0.66 
-1.54912213,  0.65 
-1.54894852,  0.65 
-1.54877491,  0.66 
-1.54860130,  0.65 
-1.54842769,  0.65 
-1.54825408,  0.65 
-1.54808047,  0.64 
-1.54790686,  0.64 
-1.54773325,  0.64 
-1.54755964,  0.63 
-1.54738603,  0.63 
-1.54721242,  0.63 
-1.54703881,  0.61 
-1.54686520,  0.61 
-1.54669159,  0.62 
-1.54651798,  0.61 
-1.54634437,  0.61 
-1.54617076,  0.59 
-1.54599715,  0.60 
-1.54582354,  0.61 
-1.54564993,  0.60 
-1.54547632,  0.60 
-1.54530271,  0.59 
-1.54512910,  0.59 
-1.54495549,  0.58 
-1.54478188,  0.57 
-1.54460827,  0.58 
-1.54443466,  0.57 
-1.54426105,  0.57 
-1.54408744,  0.57 
-1.54391383,  0.57 
-1.54374022,  0.56 
-1.54356661,  0.56 
-1.54339300,  0.56 
-1.54321939,  0.55 
-1.54304578,  0.55 
-1.54287217,  0.54 
-1.54269856,  0.53 
-1.54252495,  0.54 
-1.54235134,  0.53 
-1.54217773,  0.53 
-1.54200412,  0.53 
-1.54183051,  0.52 
-1.54165690,  0.52 
-1.54148329,  0.52 
-1.54130968,  0.51 
-1.54113607,  0.52 
-1.54096246,  0.51 
-1.54078885,  0.51 
-1.54061524,  0.50 
-1.54044163,  0.50 
-1.54026802,  0.49 
-1.54009441,  0.49 
-1.53992080,  0.48 
-1.53974719,  0.48 
-1.53957358,  0.48 
-1.53939997,  0.48 
-1.53922636,  0.49 
-1.53905275,  0.47 
-1.53887914,  0.47 
-1.53870553,  0.47 
-1.53853192,  0.46 
-1.53835831,  0.46 
-1.53818470,  0.45 
-1.53801109,  0.46 
-1.53783748,  0.44 
-1.53766387,  0.45 
-1.53749026,  0.44 
-1.53731665,  0.44 
-1.53714304,  0.43 
-1.53696943,  0.43 
-1.53679582,  0.43 
-1.53662221,  0.43 
-1.53644860,  0.42 
-1.53627499,  0.41 
-1.53610138,  0.41 
-1.53592777,  0.41 
-1.53575416,  0.41 
-1.53558055,  0.40 
-1.53540694,  0.41 
-1.53523333,  0.40 
-1.53505972,  0.40 
-1.53488611,  0.39 
-1.53471250,  0.39 
-1.53453889,  0.38 
-1.53436528,  0.38 
-1.53419167,  0.38 
-1.53401806,  0.38 
-1.53384445,  0.37 
-1.53367084,  0.37 
-1.53349723,  0.37 
-1.53332362,  0.36 
-1.53315001,  0.35 
-1.53297640,  0.36 
-1.53280279,  0.35 
-1.53262918,  0.34 
-1.53245557,  0.35 
-1.53228196,  0.33 
-1.53210835,  0.34 
-1.53193474,  0.34 
-1.53176113,  0.33 
-1.53158752,  0.32 
-1.53141391,  0.32 
-1.53124030,  0.31 
-1.53106669,  0.31 
-1.53089308,  0.32 
-1.53071947,  0.31 
-1.53054586,  0.31 
-1.53037225,  0.30 
-1.53019864,  0.30 
-1.53002503,  0.30 
-1.52985142,  0.29 
-1.52967781,  0.28 
-1.52950420,  0.29 
-1.52933059,  0.28 
-1.52915698,  0.28 
-1.52898337,  0.27 
-1.52880976,  0.27 
-1.52863615,  0.26 
-1.52846254,  0.26 
-1.52828893,  0.26 
-1.52811532,  0.25 
-1.52794171,  0.25 
-1.52776810,  0.25 
-1.52759449,  0.25 
-1.52742088,  0.24 
-1.52724727,  0.24 
-1.52707366,  0.24 
-1.52690005,  0.23 
-1.52672644,  0.22 
-1.52655283,  0.22 
-1.52637922,  0.22 
-1.52620561,  0.22 
-1.52603200,  0.22 
-1.52585839,  0.22 
-1.52568478,  0.20 
-1.52551117,  0.21 
-1.52533756,  0.21 
-1.52516395,  0.20 
-1.52499034,  0.19 
-1.52481673,  0.19 
-1.52464312,  0.19 
-1.52446951,  0.18 
-1.52429590,  0.19 
-1.52412229,  0.17 
-1.52394868,  0.18 
-1.52377507,  0.16 
-1.52360146,  0.17 
-1.52342785,  0.17 
-1.52325424,  0.16 
-1.52308063,  0.16 
-1.52290702,  0.15 
-1.52273341,  0.15 
-1.52255980,  0.14 
-1.52238619,  0.15 
-1.52221258,  0.14 
-1.52203897,  0.14 
-1.52186536,  0.13 
-1.52169175,  0.13 
-1.52151814,  0.12 
-1.52134453,  0.12 
-1.52117092,  0.12 
-1.52099731,  0.12 
-1.52082370,  0.11 
-1.52065009,  0.11 
-1.52047648,  0.10 
-1.52030287,  0.11 
-1.52012926,  0.10 
-1.51995565,  0.09 
-1.51978204,  0.09 
-1.51960843,  0.08 
-1.51943482,  0.09 
-1.51926121,  0.08 
-1.51908760,  0.08 
-1.51891399,  0.08 
-1.51874038,  0.06 
-1.51856677,  0.07 
-1.51839316,  0.06 
-1.51821955,  0.05 
-1.51804594,  0.06 
-1.51787233,  0.05 
-1.51769872,  0.06 
-1.51752511,  0.04 
-1.51735150,  0.04 
-1.51717789,  0.04 
-1.51700428,  0.04 
-1.51683067,  0.04 
-1.51665706,  0.03 
-1.51648345,  0.02 
-1.51630984,  0.02 
-1.51613623,  0.01 
-1.51596262,  0.02 
-1.51578901,  0.01 
-1.51561540,  0.00 
-1.51544179,  0.01 
-1.51526818,  0.00 
-1.51509457,  0.00 
-1.51492096, -0.01 
-1.51474735, -0.00 
-1.51457374, -0.00 
-1.51440013, -0.02 
-1.51422652, -0.02 
-1.51405291, -0.03 
-1.51387930, -0.02 
-1.51370569, -0.03 
-1.51353208, -0.04 
-1.51335847, -0.04 
-1.51318486, -0.04 
-1.51301125, -0.04 
-1.51283764, -0.04 
-1.51266403, -0.06 
-1.51249042, -0.06 
-1.51231681, -0.06 
-1.51214320, -0.06 
-1.51196959, -0.06 
-1.51179598, -0.06 
-1.51162237, -0.07 
-1.51144876, -0.08 
-1.51127515, -0.08 
-1.51110154, -0.07 
-1.51092793, -0.09 
-1.51075432, -0.08 
-1.51058071, -0.10 
-1.51040710, -0.09 
-1.51023349, -0.10 
-1.51005988, -0.10 
-1.50988627, -0.10 
-1.50971266, -0.10 
-1.50953905, -0.11 
-1.50936544, -0.12 
-1.50919183, -0.12 
-1.50901822, -0.12 
-1.50884461, -0.13 
-1.50867100, -0.12 
-1.50849739, -0.14 
-1.50832378, -0.14 
-1.50815017, -0.13 
-1.50797656, -0.14 
-1.50780295, -0.14 
-1.50762934, -0.15 
-1.50745573, -0.15 
-1.50728212, -0.16 
-1.50710851, -0.16 
-1.50693490, -0.16 
-1.50676129, -0.17 
-1.50658768, -0.16 
-1.50641407, -0.18 
-1.50624046, -0.18 
-1.50606685, -0.19 
-1.50589324, -0.18 
-1.50571963, -0.19 
-1.50554602, -0.19 
-1.50537241, -0.20 
-1.50519880, -0.20 
-1.50502519, -0.20 
-1.50485158, -0.21 
-1.50467797, -0.21 
-1.50450436, -0.21 
-1.50433075, -0.22 
-1.50415714, -0.23 
-1.50398353, -0.23 
-1.50380992, -0.23 
-1.50363631, -0.23 
-1.50346270, -0.24 
-1.50328909, -0.25 
-1.50311548, -0.24 
-1.50294187, -0.25 
-1.50276826, -0.25 
-1.50259465, -0.25 
-1.50242104, -0.25 
-1.50224743, -0.26 
-1.50207382, -0.26 
-1.50190021, -0.26 
-1.50172660, -0.28 
-1.50155299, -0.26 
-1.50137938, -0.27 
-1.50120577, -0.28 
-1.50103216, -0.28 
-1.50085855, -0.28 
-1.50068494, -0.29 
-1.50051133, -0.29 
-1.50033772, -0.29 
-1.50016411, -0.30 
-1.49999050, -0.30 
-1.49981689, -0.31 
-1.49964328, -0.31 
-1.49946967, -0.32 
-1.49929606, -0.31 
-1.49912245, -0.32 
-1.49894884, -0.33 
-1.49877523, -0.32 
-1.49860162, -0.33 
-1.49842801, -0.34 
-1.49825440, -0.34 
-1.49808079, -0.34 
-1.49790718, -0.34 
-1.49773357, -0.35 
-1.49755996, -0.35 
-1.49738635, -0.35 
-1.49721274, -0.35 
-1.49703913, -0.36 
-1.49686552, -0.37 
-1.49669191, -0.36 
-1.49651830, -0.37 
-1.49634469, -0.37 
-1.49617108, -0.38 
-1.49599747, -0.37 
-1.49582386, -0.38 
-1.49565025, -0.40 
-1.49547664, -0.38 
-1.49530303, -0.40 
-1.49512942, -0.41 
-1.49495581, -0.40 
-1.49478220, -0.41 
-1.49460859, -0.41 
-1.49443498, -0.42 
-1.49426137, -0.40 
-1.49408776, -0.41 
-1.49391415, -0.43 
-1.49374054, -0.43 
-1.49356693, -0.44 
-1.49339332, -0.44 
-1.49321971, -0.43 
-1.49304610, -0.43 
-1.49287249, -0.44 
-1.49269888, -0.43 
-1.49252527, -0.44 
-1.49235166, -0.46 
-1.49217805, -0.46 
-1.49200444, -0.45 
-1.49183083, -0.46 
-1.49165722, -0.48 
-1.49148361, -0.47 
-1.49131000, -0.47 
-1.49113639, -0.48 
-1.49096278, -0.47 
-1.49078917, -0.49 
-1.49061556, -0.49 
-1.49044195, -0.49 
-1.49026834, -0.49 
-1.49009473, -0.49 
-1.48992112, -0.50 
-1.48974751, -0.50 
-1.48957390, -0.50 
-1.48940029, -0.51 
-1.48922668, -0.51 
-1.48905307, -0.51 
-1.48887946, -0.51 
-1.48870585, -0.52 
-1.48853224, -0.52 
-1.48835863, -0.53 
-1.48818502, -0.54 
-1.48801141, -0.53 
-1.48783780, -0.53 
-1.48766419, -0.53 
-1.48749058, -0.55 
-1.48731697, -0.55 
-1.48714336, -0.55 
-1.48696975, -0.55 
-1.48679614, -0.55 
-1.48662253, -0.57 
-1.48644892, -0.57 
-1.48627531, -0.57 
-1.48610170, -0.57 
-1.48592809, -0.57 
-1.48575448, -0.58 
-1.48558087, -0.59 
-1.48540726, -0.59 
-1.48523365, -0.60 
-1.48506004, -0.59 
-1.48488643, -0.60 
-1.48471282, -0.59 
-1.48453921, -0.60 
-1.48436560, -0.60 
-1.48419199, -0.61 
-1.48401838, -0.61 
-1.48384477, -0.62 
-1.48367116, -0.61 
-1.48349755, -0.61 
-1.48332394, -0.63 
-1.48315033, -0.63 
-1.48297672, -0.62 
-1.48280311, -0.63 
-1.48262950, -0.63 
-1.48245589, -0.64 
-1.48228228, -0.64 
-1.48210867, -0.65 
-1.48193506, -0.65 
-1.48176145, -0.65 
-1.48158784, -0.66 
-1.48141423, -0.66 
-1.48124062, -0.66 
-1.48106701, -0.66 
-1.48089340, -0.66 
-1.48071979, -0.67 
-1.48054618, -0.68 
-1.48037257, -0.68 
-1.48019896, -0.69 
-1.48002535, -0.68 
-1.47985174, -0.69 
-1.47967813, -0.69 
-1.47950452, -0.69 
-1.47933091, -0.69 
-1.47915730, -0.70 
-1.47898369, -0.70 
-1.47881008, -0.70 
-1.47863647, -0.71 
-1.47846286, -0.71 
-1.47828925, -0.71 
-1.47811564, -0.71 
-1.47794203, -0.72 
-1.47776842, -0.72 
-1.47759481, -0.73 
-1.47742120, -0.73 
-1.47724759, -0.73 
-1.47707398, -0.74 
-1.47690037, -0.74 
-1.47672676, -0.75 
-1.47655315, -0.75 
-1.47637954, -0.76 
-1.47620593, -0.75 
-1.47603232, -0.75 
-1.47585871, -0.75 
-1.47568510, -0.76 
-1.47551149, -0.76 
-1.47533788, -0.77 
-1.47516427, -0.76 
-1.47499066, -0.77 
-1.47481705, -0.77 
-1.47464344, -0.77 
-1.47446983, -0.78 
-1.47429622, -0.79 
-1.47412261, -0.78 
-1.47394900, -0.80 
-1.47377539, -0.80 
-1.47360178, -0.80 
-1.47342817, -0.81 
-1.47325456, -0.80 
-1.47308095, -0.82 
-1.47290734, -0.81 
-1.47273373, -0.82 
-1.47256012, -0.81 
-1.47238651, -0.82 
-1.47221290, -0.82 
-1.47203929, -0.82 
-1.47186568, -0.82 
-1.47169207, -0.84 
-1.47151846, -0.84 
-1.47134485, -0.84 
-1.47117124, -0.84 
-1.47099763, -0.84 
-1.47082402, -0.85 
-1.47065041, -0.85 
-1.47047680, -0.85 
-1.47030319, -0.85 
-1.47012958, -0.86 
-1.46995597, -0.85 
-1.46978236, -0.86 
-1.46960875, -0.86 
-1.46943514, -0.87 
-1.46926153, -0.88 
-1.46908792, -0.88 
-1.46891431, -0.87 
-1.46874070, -0.89 
-1.46856709, -0.88 
-1.46839348, -0.88 
-1.46821987, -0.90 
-1.46804626, -0.89 
-1.46787265, -0.89 
-1.46769904, -0.90 
-1.46752543, -0.90 
-1.46735182, -0.90 
-1.46717821, -0.90 
-1.46700460, -0.92 
-1.46683099, -0.92 
-1.46665738, -0.92 
-1.46648377, -0.92 
-1.46631016, -0.92 
-1.46613655, -0.93 
-1.46596294, -0.93 
-1.46578933, -0.93 
-1.46561572, -0.92 
-1.46544211, -0.92 
-1.46526850, -0.94 
-1.46509489, -0.94 
-1.46492128, -0.94 
-1.46474767, -0.94 
-1.46457406, -0.94 
-1.46440045, -0.95 
-1.46422684, -0.95 
-1.46405323, -0.96 
-1.46387962, -0.96 
-1.46370601, -0.96 
-1.46353240, -0.97 
-1.46335879, -0.97 
-1.46318518, -0.96 
-1.46301157, -0.97 
-1.46283796, -0.98 
-1.46266435, -0.98 
-1.46249074, -0.99 
-1.46231713, -0.98 
-1.46214352, -1.00 
-1.46196991, -0.99 
-1.46179630, -0.99 
-1.46162269, -1.00 
-1.46144908, -1.00 
-1.46127547, -1.00 
-1.46110186, -1.01 
-1.46092825, -1.01 
-1.46075464, -1.00 
-1.46058103, -1.01 
-1.46040742, -1.01 
-1.46023381, -1.01 
-1.46006020, -1.02 
-1.45988659, -1.02 
-1.45971298, -1.03 
-1.45953937, -1.02 
-1.45936576, -1.03 
-1.45919215, -1.02 
-1.45901854, -1.03 
-1.45884493, -1.04 
-1.45867132, -1.03 
-1.45849771, -1.05 
-1.45832410, -1.05 
-1.45815049, -1.06 
-1.45797688, -1.05 
-1.45780327, -1.06 
-1.45762966, -1.06 
-1.45745605, -1.06 
-1.45728244, -1.06 
-1.45710883, -1.07 
-1.45693522, -1.08 
-1.45676161, -1.07 
-1.45658800, -1.07 
-1.45641439, -1.06 
-1.45624078, -1.08 
-1.45606717, -1.09 
-1.45589356, -1.08 
-1.45571995, -1.09 
-1.45554634, -1.09 
-1.45537273, -1.09 
-1.45519912, -1.11 
-1.45502551, -1.09 
-1.45485190, -1.11 
-1.45467829, -1.10 
-1.45450468, -1.10 
-1.45433107, -1.10 
-1.45415746, -1.10 
-1.45398385, -1.12 
-1.45381024, -1.11 
-1.45363663, -1.11 
-1.45346302, -1.12 
-1.45328941, -1.12 
-1.45311580, -1.12 
-1.45294219, -1.12 
-1.45276858, -1.13 
-1.45259497, -1.13 
-1.45242136, -1.13 
-1.45224775, -1.13 
-1.45207414, -1.14 
-1.45190053, -1.14 
-1.45172692, -1.15 
-1.45155331, -1.15 
-1.45137970, -1.15 
-1.45120609, -1.15 
-1.45103248, -1.15 
-1.45085887, -1.15 
-1.45068526, -1.16 
-1.45051165, -1.16 
-1.45033804, -1.16 
-1.45016443, -1.17 
-1.44999082, -1.17 
-1.44981721, -1.18 
-1.44964360, -1.18 
-1.44946999, -1.17 
-1.44929638, -1.17 
-1.44912277, -1.18 
-1.44894916, -1.20 
-1.44877555, -1.18 
-1.44860194, -1.19 
-1.44842833, -1.19 
-1.44825472, -1.19 
-1.44808111, -1.20 
-1.44790750, -1.19 
-1.44773389, -1.20 
-1.44756028, -1.21 
-1.44738667, -1.21 
-1.44721306, -1.20 
-1.44703945, -1.21 
-1.44686584, -1.22 
-1.44669223, -1.21 
-1.44651862, -1.22 
-1.44634501, -1.22 
-1.44617140, -1.22 
-1.44599779, -1.23 
-1.44582418, -1.23 
-1.44565057, -1.22 
-1.44547696, -1.23 
-1.44530335, -1.23 
-1.44512974, -1.23 
-1.44495613, -1.23 
-1.44478252, -1.23 
-1.44460891, -1.24 
-1.44443530, -1.25 
-1.44426169, -1.24 
-1.44408808, -1.24 
-1.44391447, -1.25 
-1.44374086, -1.26 
-1.44356725, -1.25 
-1.44339364, -1.25 
-1.44322003, -1.25 
-1.44304642, -1.26 
-1.44287281, -1.27 
-1.44269920, -1.26 
-1.44252559, -1.27 
-1.44235198, -1.27 
-1.44217837, -1.28 
-1.44200476, -1.26 
-1.44183115, -1.28 
-1.44165754, -1.27 
-1.44148393, -1.28 
-1.44131032, -1.28 
-1.44113671, -1.28 
-1.44096310, -1.28 
-1.44078949, -1.29 
-1.44061588, -1.29 
-1.44044227, -1.29 
-1.44026866, -1.29 
-1.44009505, -1.30 
-1.43992144, -1.30 
-1.43974783, -1.30 
-1.43957422, -1.30 
-1.43940061, -1.30 
-1.43922700, -1.30 
-1.43905339, -1.30 
-1.43887978, -1.31 
-1.43870617, -1.31 
-1.43853256, -1.31 
-1.43835895, -1.31 
-1.43818534, -1.32 
-1.43801173, -1.32 
-1.43783812, -1.32 
-1.43766451, -1.33 
-1.43749090, -1.33 
-1.43731729, -1.33 
-1.43714368, -1.31 
-1.43697007, -1.33 
-1.43679646, -1.34 
-1.43662285, -1.34 
-1.43644924, -1.34 
-1.43627563, -1.33 
-1.43610202, -1.34 
-1.43592841, -1.34 
-1.43575480, -1.35 
-1.43558119, -1.34 
-1.43540758, -1.35 
-1.43523397, -1.35 
-1.43506036, -1.35 
-1.43488675, -1.35 
-1.43471314, -1.36 
-1.43453953, -1.36 
-1.43436592, -1.36 
-1.43419231, -1.36 
-1.43401870, -1.37 
-1.43384509, -1.37 
-1.43367148, -1.37 
-1.43349787, -1.38 
-1.43332426, -1.37 
-1.43315065, -1.37 
-1.43297704, -1.38 
-1.43280343, -1.37 
-1.43262982, -1.37 
-1.43245621, -1.38 
-1.43228260, -1.38 
-1.43210899, -1.39 
-1.43193538, -1.39 
-1.43176177, -1.39 
-1.43158816, -1.38 
-1.43141455, -1.39 
-1.43124094, -1.40 
-1.43106733, -1.39 
-1.43089372, -1.40 
-1.43072011, -1.40 
-1.43054650, -1.40 
-1.43037289, -1.39 
-1.43019928, -1.40 
-1.43002567, -1.40 
-1.42985206, -1.41 
-1.42967845, -1.41 
-1.42950484, -1.41 
-1.42933123, -1.41 
-1.42915762, -1.41 
-1.42898401, -1.41 
-1.42881040, -1.41 
-1.42863679, -1.41 
-1.42846318, -1.41 
-1.42828957, -1.42 
-1.42811596, -1.43 
-1.42794235, -1.42 
-1.42776874, -1.42 
-1.42759513, -1.42 
-1.42742152, -1.43 
-1.42724791, -1.43 
-1.42707430, -1.43 
-1.42690069, -1.43 
-1.42672708, -1.43 
-1.42655347, -1.43 
-1.42637986, -1.43 
-1.42620625, -1.44 
-1.42603264, -1.44 
-1.42585903, -1.43 
-1.42568542, -1.44 
-1.42551181, -1.45 
-1.42533820, -1.44 
-1.42516459, -1.45 
-1.42499098, -1.45 
-1.42481737, -1.45 
-1.42464376, -1.45 
-1.42447015, -1.46 
-1.42429654, -1.45 
-1.42412293, -1.45 
-1.42394932, -1.45 
-1.42377571, -1.46 
-1.42360210, -1.46 
-1.42342849, -1.47 
-1.42325488, -1.46 
-1.42308127, -1.46 
-1.42290766, -1.46 
-1.42273405, -1.47 
-1.42256044, -1.47 
-1.42238683, -1.47 
-1.42221322, -1.48 
-1.42203961, -1.48 
-1.42186600, -1.47 
-1.42169239, -1.47 
-1.42151878, -1.48 
-1.42134517, -1.48 
-1.42117156, -1.49 
-1.42099795, -1.48 
-1.42082434, -1.48 
-1.42065073, -1.48 
-1.42047712, -1.48 
-1.42030351, -1.48 
-1.42012990, -1.48 
-1.41995629, -1.49 
-1.41978268, -1.49 
-1.41960907, -1.49 
-1.41943546, -1.50 
-1.41926185, -1.49 
-1.41908824, -1.50 
-1.41891463, -1.50 
-1.41874102, -1.50 
-1.41856741, -1.50 
-1.41839380, -1.49 
-1.41822019, -1.50 
-1.41804658, -1.50 
-1.41787297, -1.50 
-1.41769936, -1.50 
-1.41752575, -1.50 
-1.41735214, -1.52 
-1.41717853, -1.51 
-1.41700492, -1.51 
-1.41683131, -1.51 
-1.41665770, -1.51 
-1.41648409, -1.51 
-1.41631048, -1.50 
-1.41613687, -1.52 
-1.41596326, -1.52 
-1.41578965, -1.53 
-1.41561604, -1.52 
-1.41544243, -1.52 
-1.41526882, -1.53 
-1.41509521, -1.52 
-1.41492160, -1.52 
-1.41474799, -1.53 
-1.41457438, -1.53 
-1.41440077, -1.53 
-1.41422716, -1.53 
-1.41405355, -1.54 
-1.41387994, -1.53 
-1.41370633, -1.54 
-1.41353272, -1.53 
-1.41335911, -1.53 
-1.41318550, -1.53 
-1.41301189, -1.52 
-1.41283828, -1.54 
-1.41266467, -1.53 
-1.41249106, -1.54 
-1.41231745, -1.54 
-1.41214384, -1.54 
-1.41197023, -1.53 
-1.41179662, -1.54 
-1.41162301, -1.55 
-1.41144940, -1.54 
-1.41127579, -1.54 
-1.41110218, -1.55 
-1.41092857, -1.55 
-1.41075496, -1.54 
-1.41058135, -1.54 
-1.41040774, -1.55 
-1.41023413, -1.55 
-1.41006052, -1.56 
-1.40988691, -1.55 
-1.40971330, -1.56 
-1.40953969, -1.55 
-1.40936608, -1.55 
-1.40919247, -1.55 
-1.40901886, -1.56 
-1.40884525, -1.56 
-1.40867164, -1.56 
-1.40849803, -1.55 
-1.40832442, -1.55 
-1.40815081, -1.56 
-1.40797720, -1.56 
-1.40780359, -1.56 
-1.40762998, -1.56 
-1.40745637, -1.56 
-1.40728276, -1.57 
-1.40710915, -1.57 
-1.40693554, -1.56 
-1.40676193, -1.57 
-1.40658832, -1.56 
-1.40641471, -1.57 
-1.40624110, -1.57 
-1.40606749, -1.56 
-1.40589388, -1.57 
-1.40572027, -1.57 
-1.40554666, -1.57 
-1.40537305, -1.56 
-1.40519944, -1.57 
-1.40502583, -1.58 
-1.40485222, -1.58 
-1.40467861, -1.58 
-1.40450500, -1.57 
-1.40433139, -1.58 
-1.40415778, -1.58 
-1.40398417, -1.58 
-1.40381056, -1.58 
-1.40363695, -1.58 
-1.40346334, -1.58 
-1.40328973, -1.57 
-1.40311612, -1.58 
-1.40294251, -1.58 
-1.40276890, -1.59 
-1.40259529, -1.58 
-1.40242168, -1.58 
-1.40224807, -1.59 
-1.40207446, -1.58 
-1.40190085, -1.58 
-1.40172724, -1.58 
-1.40155363, -1.59 
-1.40138002, -1.58 
-1.40120641, -1.58 
-1.40103280, -1.59 
-1.40085919, -1.59 
-1.40068558, -1.59 
-1.40051197, -1.59 
-1.40033836, -1.59 
-1.40016475, -1.59 
-1.39999114, -1.59 
-1.39981753, -1.58 
-1.39964392, -1.59 
-1.39947031, -1.60 
-1.39929670, -1.60 
-1.39912309, -1.59 
-1.39894948, -1.59 
-1.39877587, -1.58 
-1.39860226, -1.60 
-1.39842865, -1.59 
-1.39825504, -1.60 
-1.39808143, -1.59 
-1.39790782, -1.59 
-1.39773421, -1.59 
-1.39756060, -1.60 
-1.39738699, -1.59 
-1.39721338, -1.60 
-1.39703977, -1.59 
-1.39686616, -1.59 
-1.39669255, -1.60 
-1.39651894, -1.60 
-1.39634533, -1.59 
-1.39617172, -1.60 
-1.39599811, -1.59 
-1.39582450, -1.60 
-1.39565089, -1.60 
-1.39547728, -1.60 
-1.39530367, -1.59 
-1.39513006, -1.60 
-1.39495645, -1.60 
-1.39478284, -1.61 
-1.39460923, -1.60 
-1.39443562, -1.60 
-1.39426201, -1.59 
-1.39408840, -1.60 
-1.39391479, -1.59 
-1.39374118, -1.59 
-1.39356757, -1.60 
-1.39339396, -1.60 
-1.39322035, -1.61 
-1.39304674, -1.60 
-1.39287313, -1.60 
-1.39269952, -1.61 
-1.39252591, -1.61 
-1.39235230, -1.60 
-1.39217869, -1.60 
-1.39200508, -1.61 
-1.39183147, -1.59 
-1.39165786, -1.60 
-1.39148425, -1.59 
-1.39131064, -1.60 
-1.39113703, -1.60 
-1.39096342, -1.60 
-1.39078981, -1.61 
-1.39061620, -1.60 
-1.39044259, -1.61 
-1.39026898, -1.60 
-1.39009537, -1.59 
-1.38992176, -1.60 
-1.38974815, -1.60 
-1.38957454, -1.60 
-1.38940093, -1.60 
-1.38922732, -1.60 
-1.38905371, -1.60 
-1.38888010, -1.61 
-1.38870649, -1.59 
-1.38853288, -1.59 
-1.38835927, -1.60 
-1.38818566, -1.59 
-1.38801205, -1.60 
-1.38783844, -1.60 
-1.38766483, -1.60 
-1.38749122, -1.60 
-1.38731761, -1.60 
-1.38714400, -1.60 
-1.38697039, -1.60 
-1.38679678, -1.60 
-1.38662317, -1.60 
-1.38644956, -1.60 
-1.38627595, -1.59 
-1.38610234, -1.59 
-1.38592873, -1.60 
-1.38575512, -1.59 
-1.38558151, -1.60 
-1.38540790, -1.59 
-1.38523429, -1.60 
-1.38506068, -1.60 
-1.38488707, -1.60 
-1.38471346, -1.60 
-1.38453985, -1.59 
-1.38436624, -1.60 
-1.38419263, -1.60 
-1.38401902, -1.60 
-1.38384541, -1.60 
-1.38367180, -1.59 
-1.38349819, -1.59 
-1.38332458, -1.60 
-1.38315097, -1.59 
-1.38297736, -1.59 
-1.38280375, -1.59 
-1.38263014, -1.59 
-1.38245653, -1.58 
-1.38228292, -1.59 
-1.38210931, -1.60 
-1.38193570, -1.59 
-1.38176209, -1.58 
-1.38158848, -1.59 
-1.38141487, -1.59 
-1.38124126, -1.59 
-1.38106765, -1.59 
-1.38089404, -1.59 
-1.38072043, -1.59 
-1.38054682, -1.59 
-1.38037321, -1.58 
-1.38019960, -1.58 
-1.38002599, -1.58 
-1.37985238, -1.59 
-1.37967877, -1.59 
-1.37950516, -1.59 
-1.37933155, -1.58 
-1.37915794, -1.58 
-1.37898433, -1.58 
-1.37881072, -1.58 
-1.37863711, -1.59 
-1.37846350, -1.58 
-1.37828989, -1.59 
-1.37811628, -1.58 
-1.37794267, -1.58 
-1.37776906, -1.58 
-1.37759545, -1.59 
-1.37742184, -1.58 
-1.37724823, -1.58 
-1.37707462, -1.57 
-1.37690101, -1.59 
-1.37672740, -1.57 
-1.37655379, -1.58 
-1.37638018, -1.58 
-1.37620657, -1.58 
-1.37603296, -1.57 
-1.37585935, -1.58 
-1.37568574, -1.57 
-1.37551213, -1.57 
-1.37533852, -1.58 
-1.37516491, -1.58 
-1.37499130, -1.58 
-1.37481769, -1.58 
-1.37464408, -1.57 
-1.37447047, -1.57 
-1.37429686, -1.57 
-1.37412325, -1.56 
-1.37394964, -1.56 
-1.37377603, -1.56 
-1.37360242, -1.57 
-1.37342881, -1.56 
-1.37325520, -1.56 
-1.37308159, -1.57 
-1.37290798, -1.55 
-1.37273437, -1.55 
-1.37256076, -1.56 
-1.37238715, -1.56 
-1.37221354, -1.57 
-1.37203993, -1.57 
-1.37186632, -1.54 
-1.37169271, -1.56 
-1.37151910, -1.54 
-1.37134549, -1.55 
-1.37117188, -1.55 
-1.37099827, -1.55 
-1.37082466, -1.56 
-1.37065105, -1.55 
-1.37047744, -1.55 
-1.37030383, -1.55 
-1.37013022, -1.55 
-1.36995661, -1.55 
-1.36978300, -1.55 
-1.36960939, -1.55 
-1.36943578, -1.54 
-1.36926217, -1.55 
-1.36908856, -1.55 
-1.36891495, -1.55 
-1.36874134, -1.54 
-1.36856773, -1.54 
-1.36839412, -1.55 
-1.36822051, -1.54 
-1.36804690, -1.54 
-1.36787329, -1.53 
-1.36769968, -1.53 
-1.36752607, -1.53 
-1.36735246, -1.53 
-1.36717885, -1.54 
-1.36700524, -1.53 
-1.36683163, -1.54 
-1.36665802, -1.53 
-1.36648441, -1.53 
-1.36631080, -1.53 
-1.36613719, -1.52 
-1.36596358, -1.52 
-1.36578997, -1.52 
-1.36561636, -1.53 
-1.36544275, -1.51 
-1.36526914, -1.52 
-1.36509553, -1.52 
-1.36492192, -1.52 
-1.36474831, -1.51 
-1.36457470, -1.52 
-1.36440109, -1.51 
-1.36422748, -1.52 
-1.36405387, -1.51 
-1.36388026, -1.51 
-1.36370665, -1.51 
-1.36353304, -1.51 
-1.36335943, -1.51 
-1.36318582, -1.51 
-1.36301221, -1.51 
-1.36283860, -1.51 
-1.36266499, -1.51 
-1.36249138, -1.50 
-1.36231777, -1.52 
-1.36214416, -1.50 
-1.36197055, -1.50 
-1.36179694, -1.50 
-1.36162333, -1.50 
-1.36144972, -1.50 
-1.36127611, -1.49 
-1.36110250, -1.49 
-1.36092889, -1.49 
-1.36075528, -1.49 
-1.36058167, -1.49 
-1.36040806, -1.48 
-1.36023445, -1.48 
-1.36006084, -1.49 
-1.35988723, -1.48 
-1.35971362, -1.48 
-1.35954001, -1.48 
-1.35936640, -1.48 
-1.35919279, -1.48 
-1.35901918, -1.48 
-1.35884557, -1.48 
-1.35867196, -1.47 
-1.35849835, -1.48 
-1.35832474, -1.47 
-1.35815113, -1.47 
-1.35797752, -1.47 
-1.35780391, -1.47 
-1.35763030, -1.46 
-1.35745669, -1.46 
-1.35728308, -1.47 
-1.35710947, -1.46 
-1.35693586, -1.47 
-1.35676225, -1.46 
-1.35658864, -1.45 
-1.35641503, -1.46 
-1.35624142, -1.46 
-1.35606781, -1.45 
-1.35589420, -1.45 
-1.35572059, -1.45 
-1.35554698, -1.45 
-1.35537337, -1.44 
-1.35519976, -1.44 
-1.35502615, -1.45 
-1.35485254, -1.44 
-1.35467893, -1.44 
-1.35450532, -1.44 
-1.35433171, -1.44 
-1.35415810, -1.44 
-1.35398449, -1.43 
-1.35381088, -1.43 
-1.35363727, -1.43 
-1.35346366, -1.43 
-1.35329005, -1.44 
-1.35311644, -1.43 
-1.35294283, -1.42 
-1.35276922, -1.43 
-1.35259561, -1.43 
-1.35242200, -1.42 
-1.35224839, -1.42 
-1.35207478, -1.43 
-1.35190117, -1.40 
-1.35172756, -1.41 
-1.35155395, -1.41 
-1.35138034, -1.42 
-1.35120673, -1.42 
-1.35103312, -1.41 
-1.35085951, -1.41 
-1.35068590, -1.40 
-1.35051229, -1.41 
-1.35033868, -1.41 
-1.35016507, -1.41 
-1.34999146, -1.40 
-1.34981785, -1.40 
-1.34964424, -1.40 
-1.34947063, -1.40 
-1.34929702, -1.39 
-1.34912341, -1.39 
-1.34894980, -1.40 
-1.34877619, -1.39 
-1.34860258, -1.38 
-1.34842897, -1.38 
-1.34825536, -1.39 
-1.34808175, -1.38 
-1.34790814, -1.37 
-1.34773453, -1.38 
-1.34756092, -1.38 
-1.34738731, -1.38 
-1.34721370, -1.36 
-1.34704009, -1.37 
-1.34686648, -1.37 
-1.34669287, -1.37 
-1.34651926, -1.37 
-1.34634565, -1.36 
-1.34617204, -1.36 
-1.34599843, -1.36 
-1.34582482, -1.35 
-1.34565121, -1.36 
-1.34547760, -1.35 
-1.34530399, -1.34 
-1.34513038, -1.34 
-1.34495677, -1.35 
-1.34478316, -1.35 
-1.34460955, -1.34 
-1.34443594, -1.34 
-1.34426233, -1.34 
-1.34408872, -1.35 
-1.34391511, -1.34 
-1.34374150, -1.33 
-1.34356789, -1.34 
-1.34339428, -1.33 
-1.34322067, -1.34 
-1.34304706, -1.33 
-1.34287345, -1.33 
-1.34269984, -1.32 
-1.34252623, -1.32 
-1.34235262, -1.31 
-1.34217901, -1.32 
-1.34200540, -1.31 
-1.34183179, -1.32 
-1.34165818, -1.31 
-1.34148457, -1.30 
-1.34131096, -1.31 
-1.34113735, -1.30 
-1.34096374, -1.31 
-1.34079013, -1.30 
-1.34061652, -1.30 
-1.34044291, -1.30 
-1.34026930, -1.29 
-1.34009569, -1.29 
-1.33992208, -1.29 
-1.33974847, -1.28 
-1.33957486, -1.29 
-1.33940125, -1.29 
-1.33922764, -1.28 
-1.33905403, -1.29 
-1.33888042, -1.28 
-1.33870681, -1.28 
-1.33853320, -1.27 
-1.33835959, -1.27 
-1.33818598, -1.27 
-1.33801237, -1.27 
-1.33783876, -1.27 
-1.33766515, -1.26 
-1.33749154, -1.25 
-1.33731793, -1.27 
-1.33714432, -1.26 
-1.33697071, -1.25 
-1.33679710, -1.26 
-1.33662349, -1.24 
-1.33644988, -1.25 
-1.33627627, -1.25 
-1.33610266, -1.24 
-1.33592905, -1.23 
-1.33575544, -1.24 
-1.33558183, -1.24 
-1.33540822, -1.24 
-1.33523461, -1.23 
-1.33506100, -1.23 
-1.33488739, -1.24 
-1.33471378, -1.22 
-1.33454017, -1.23 
-1.33436656, -1.23 
-1.33419295, -1.22 
-1.33401934, -1.22 
-1.33384573, -1.21 
-1.33367212, -1.21 
-1.33349851, -1.21 
-1.33332490, -1.21 
-1.33315129, -1.21 
-1.33297768, -1.20 
-1.33280407, -1.20 
-1.33263046, -1.20 
-1.33245685, -1.19 
-1.33228324, -1.19 
-1.33210963, -1.19 
-1.33193602, -1.18 
-1.33176241, -1.19 
-1.33158880, -1.18 
-1.33141519, -1.19 
-1.33124158, -1.18 
-1.33106797, -1.19 
-1.33089436, -1.18 
-1.33072075, -1.17 
-1.33054714, -1.18 
-1.33037353, -1.17 
-1.33019992, -1.16 
-1.33002631, -1.16 
-1.32985270, -1.17 
-1.32967909, -1.14 
-1.32950548, -1.16 
-1.32933187, -1.16 
-1.32915826, -1.15 
-1.32898465, -1.15 
-1.32881104, -1.15 
-1.32863743, -1.14 
-1.32846382, -1.15 
-1.32829021, -1.14 
-1.32811660, -1.14 
-1.32794299, -1.13 
-1.32776938, -1.13 
-1.32759577, -1.13 
-1.32742216, -1.14 
-1.32724855, -1.13 
-1.32707494, -1.12 
-1.32690133, -1.13 
-1.32672772, -1.12 
-1.32655411, -1.11 
-1.32638050, -1.11 
-1.32620689, -1.10 
-1.32603328, -1.11 
-1.32585967, -1.11 
-1.32568606, -1.10 
-1.32551245, -1.11 
-1.32533884, -1.09 
-1.32516523, -1.10 
-1.32499162, -1.10 
-1.32481801, -1.09 
-1.32464440, -1.09 
-1.32447079, -1.08 
-1.32429718, -1.08 
-1.32412357, -1.08 
-1.32394996, -1.08 
-1.32377635, -1.08 
-1.32360274, -1.07 
-1.32342913, -1.07 
-1.32325552, -1.07 
-1.32308191, -1.06 
-1.32290830, -1.06 
-1.32273469, -1.06 
-1.32256108, -1.05 
-1.32238747, -1.05 
-1.32221386, -1.05 
-1.32204025, -1.05 
-1.32186664, -1.05 
-1.32169303, -1.04 
-1.32151942, -1.04 
-1.32134581, -1.03 
-1.32117220, -1.03 
-1.32099859, -1.04 
-1.32082498, -1.03 
-1.32065137, -1.03 
-1.32047776, -1.03 
-1.32030415, -1.02 
-1.32013054, -1.02 
-1.31995693, -1.01 
-1.31978332, -1.02 
-1.31960971, -1.02 
-1.31943610, -1.01 
-1.31926249, -1.01 
-1.31908888, -1.00 
-1.31891527, -0.99 
-1.31874166, -1.00 
-1.31856805, -1.00 
-1.31839444, -0.99 
-1.31822083, -1.00 
-1.31804722, -0.99 
-1.31787361, -0.99 
-1.31770000, -0.97 
-1.31752639, -0.98 
-1.31735278, -0.97 
-1.31717917, -0.98 
-1.31700556, -0.97 
-1.31683195, -0.96 
-1.31665834, -0.97 
-1.31648473, -0.96 
-1.31631112, -0.96 
-1.31613751, -0.96 
-1.31596390, -0.96 
-1.31579029, -0.95 
-1.31561668, -0.94 
-1.31544307, -0.94 
-1.31526946, -0.94 
-1.31509585, -0.95 
-1.31492224, -0.93 
-1.31474863, -0.93 
-1.31457502, -0.93 
-1.31440141, -0.92 
-1.31422780, -0.92 
-1.31405419, -0.92 
-1.31388058, -0.93 
-1.31370697, -0.91 
-1.31353336, -0.91 
-1.31335975, -0.91 
-1.31318614, -0.91 
-1.31301253, -0.90 
-1.31283892, -0.89 
-1.31266531, -0.89 
-1.31249170, -0.89 
-1.31231809, -0.89 
-1.31214448, -0.89 
-1.31197087, -0.89 
-1.31179726, -0.88 
-1.31162365, -0.88 
-1.31145004, -0.88 
-1.31127643, -0.87 
-1.31110282, -0.87 
-1.31092921, -0.87 
-1.31075560, -0.87 
-1.31058199, -0.87 
-1.31040838, -0.86 
-1.31023477, -0.85 
-1.31006116, -0.86 
-1.30988755, -0.85 
-1.30971394, -0.85 
-1.30954033, -0.85 
-1.30936672, -0.84 
-1.30919311, -0.84 
-1.30901950, -0.84 
-1.30884589, -0.83 
-1.30867228, -0.83 
-1.30849867, -0.82 
-1.30832506, -0.83 
-1.30815145, -0.83 
-1.30797784, -0.82 
-1.30780423, -0.81 
-1.30763062, -0.81 
-1.30745701, -0.81 
-1.30728340, -0.80 
-1.30710979, -0.81 
-1.30693618, -0.80 
-1.30676257, -0.81 
-1.30658896, -0.79 
-1.30641535, -0.79 
-1.30624174, -0.79 
-1.30606813, -0.80 
-1.30589452, -0.78 
-1.30572091, -0.78 
-1.30554730, -0.78 
-1.30537369, -0.77 
-1.30520008, -0.77 
-1.30502647, -0.76 
-1.30485286, -0.77 
-1.30467925, -0.77 
-1.30450564, -0.76 
-1.30433203, -0.75 
-1.30415842, -0.75 
-1.30398481, -0.74 
-1.30381120, -0.75 
-1.30363759, -0.74 
-1.30346398, -0.75 
-1.30329037, -0.74 
-1.30311676, -0.74 
-1.30294315, -0.73 
-1.30276954, -0.73 
-1.30259593, -0.73 
-1.30242232, -0.73 
-1.30224871, -0.71 
-1.30207510, -0.72 
-1.30190149, -0.72 
-1.30172788, -0.71 
-1.30155427, -0.71 
-1.30138066, -0.70 
-1.30120705, -0.70 
-1.30103344, -0.69 
-1.30085983, -0.69 
-1.30068622, -0.69 
-1.30051261, -0.69 
-1.30033900, -0.68 
-1.30016539, -0.68 
-1.29999178, -0.68 
-1.29981817, -0.68 
-1.29964456, -0.68 
-1.29947095, -0.67 
-1.29929734, -0.66 
-1.29912373, -0.65 
-1.29895012, -0.66 
-1.29877651, -0.66 
-1.29860290, -0.66 
-1.29842929, -0.66 
-1.29825568, -0.64 
-1.29808207, -0.64 
-1.29790846, -0.64 
-1.29773485, -0.64 
-1.29756124, -0.64 
-1.29738763, -0.63 
-1.29721402, -0.63 
-1.29704041, -0.62 
-1.29686680, -0.62 
-1.29669319, -0.62 
-1.29651958, -0.61 
-1.29634597, -0.63 
-1.29617236, -0.61 
-1.29599875, -0.61 
-1.29582514, -0.60 
-1.29565153, -0.60 
-1.29547792, -0.59 
-1.29530431, -0.60 
-1.29513070, -0.59 
-1.29495709, -0.58 
-1.29478348, -0.58 
-1.29460987, -0.58 
-1.29443626, -0.58 
-1.29426265, -0.57 
-1.29408904, -0.57 
-1.29391543, -0.57 
-1.29374182, -0.56 
-1.29356821, -0.57 
-1.29339460, -0.56 
-1.29322099, -0.55 
-1.29304738, -0.55 
-1.29287377, -0.54 
-1.29270016, -0.55 
-1.29252655, -0.53 
-1.29235294, -0.54 
-1.29217933, -0.54 
-1.29200572, -0.53 
-1.29183211, -0.53 
-1.29165850, -0.53 
-1.29148489, -0.51 
-1.29131128, -0.51 
-1.29113767, -0.51 
-1.29096406, -0.50 
-1.29079045, -0.50 
-1.29061684, -0.50 
-1.29044323, -0.49 
-1.29026962, -0.49 
-1.29009601, -0.49 
-1.28992240, -0.49 
-1.28974879, -0.47 
-1.28957518, -0.48 
-1.28940157, -0.48 
-1.28922796, -0.47 
-1.28905435, -0.47 
-1.28888074, -0.48 
-1.28870713, -0.46 
-1.28853352, -0.47 
-1.28835991, -0.46 
-1.28818630, -0.46 
-1.28801269, -0.45 
-1.28783908, -0.45 
-1.28766547, -0.44 
-1.28749186, -0.44 
-1.28731825, -0.43 
-1.28714464, -0.44 
-1.28697103, -0.44 
-1.28679742, -0.42 
-1.28662381, -0.42 
-1.28645020, -0.42 
-1.28627659, -0.41 
-1.28610298, -0.42 
-1.28592937, -0.41 
-1.28575576, -0.41 
-1.28558215, -0.40 
-1.28540854, -0.40 
-1.28523493, -0.39 
-1.28506132, -0.40 
-1.28488771, -0.40 
-1.28471410, -0.39 
-1.28454049, -0.38 
-1.28436688, -0.37 
-1.28419327, -0.38 
-1.28401966, -0.38 
-1.28384605, -0.37 
-1.28367244, -0.37 
-1.28349883, -0.36 
-1.28332522, -0.37 
-1.28315161, -0.36 
-1.28297800, -0.36 
-1.28280439, -0.35 
-1.28263078, -0.36 
-1.28245717, -0.35 
-1.28228356, -0.35 
-1.28210995, -0.34 
-1.28193634, -0.34 
-1.28176273, -0.34 
-1.28158912, -0.33 
-1.28141551, -0.32 
-1.28124190, -0.32 
-1.28106829, -0.32 
-1.28089468, -0.32 
-1.28072107, -0.31 
-1.28054746, -0.31 
-1.28037385, -0.31 
-1.28020024, -0.30 
-1.28002663, -0.30 
-1.27985302, -0.29 
-1.27967941, -0.29 
-1.27950580, -0.29 
-1.27933219, -0.29 
-1.27915858, -0.28 
-1.27898497, -0.28 
-1.27881136, -0.29 
-1.27863775, -0.27 
-1.27846414, -0.27 
-1.27829053, -0.27 
-1.27811692, -0.25 
-1.27794331, -0.26 
-1.27776970, -0.25 
-1.27759609, -0.25 
-1.27742248, -0.24 
-1.27724887, -0.25 
-1.27707526, -0.23 
-1.27690165, -0.24 
-1.27672804, -0.22 
-1.27655443, -0.22 
-1.27638082, -0.23 
-1.27620721, -0.22 
-1.27603360, -0.22 
-1.27585999, -0.21 
-1.27568638, -0.22 
-1.27551277, -0.21 
-1.27533916, -0.21 
-1.27516555, -0.19 
-1.27499194, -0.20 
-1.27481833, -0.19 
-1.27464472, -0.19 
-1.27447111, -0.19 
-1.27429750, -0.19 
-1.27412389, -0.18 
-1.27395028, -0.18 
-1.27377667, -0.17 
-1.27360306, -0.17 
-1.27342945, -0.16 
-1.27325584, -0.15 
-1.27308223, -0.16 
-1.27290862, -0.17 
-1.27273501, -0.15 
-1.27256140, -0.15 
-1.27238779, -0.15 
-1.27221418, -0.14 
-1.27204057, -0.13 
-1.27186696, -0.13 
-1.27169335, -0.13 
-1.27151974, -0.12 
-1.27134613, -0.12 
-1.27117252, -0.12 
-1.27099891, -0.11 
-1.27082530, -0.11 
-1.27065169, -0.11 
-1.27047808, -0.11 
-1.27030447, -0.12 
-1.27013086, -0.10 
-1.26995725, -0.10 
-1.26978364, -0.09 
-1.26961003, -0.08 
-1.26943642, -0.09 
-1.26926281, -0.08 
-1.26908920, -0.07 
-1.26891559, -0.08 
-1.26874198, -0.08 
-1.26856837, -0.07 
-1.26839476, -0.07 
-1.26822115, -0.06 
-1.26804754, -0.05 
-1.26787393, -0.05 
-1.26770032, -0.05 
-1.26752671, -0.05 
-1.26735310, -0.05 
-1.26717949, -0.04 
-1.26700588, -0.04 
-1.26683227, -0.04 
-1.26665866, -0.02 
-1.26648505, -0.03 
-1.26631144, -0.03 
-1.26613783, -0.02 
-1.26596422, -0.03 
-1.26579061, -0.02 
-1.26561700, -0.01 
-1.26544339, -0.00 
-1.26526978, -0.00 
-1.26509617, -0.00 
-1.26492256,  0.01 
-1.26474895,  0.01 
-1.26457534,  0.01 
-1.26440173,  0.02 
-1.26422812,  0.02 
-1.26405451,  0.03 
-1.26388090,  0.02 
-1.26370729,  0.03 
-1.26353368,  0.04 
-1.26336007,  0.04 
-1.26318646,  0.04 
-1.26301285,  0.05 
-1.26283924,  0.05 
-1.26266563,  0.04 
-1.26249202,  0.05 
-1.26231841,  0.06 
-1.26214480,  0.06 
-1.26197119,  0.07 
-1.26179758,  0.07 
-1.26162397,  0.08 
-1.26145036,  0.07 
-1.26127675,  0.08 
-1.26110314,  0.09 
-1.26092953,  0.09 
-1.26075592,  0.10 
-1.26058231,  0.09 
-1.26040870,  0.09 
-1.26023509,  0.10 
-1.26006148,  0.10 
-1.25988787,  0.10 
-1.25971426,  0.10 
-1.25954065,  0.11 
-1.25936704,  0.12 
-1.25919343,  0.12 
-1.25901982,  0.13 
-1.25884621,  0.12 
-1.25867260,  0.12 
-1.25849899,  0.13 
-1.25832538,  0.14 
-1.25815177,  0.14 
-1.25797816,  0.15 
-1.25780455,  0.14 
-1.25763094,  0.15 
-1.25745733,  0.15 
-1.25728372,  0.15 
-1.25711011,  0.16 
-1.25693650,  0.17 
-1.25676289,  0.17 
-1.25658928,  0.17 
-1.25641567,  0.18 
-1.25624206,  0.19 
-1.25606845,  0.18 
-1.25589484,  0.18 
-1.25572123,  0.19 
-1.25554762,  0.19 
-1.25537401,  0.20 
-1.25520040,  0.19 
-1.25502679,  0.20 
-1.25485318,  0.21 
-1.25467957,  0.21 
-1.25450596,  0.21 
-1.25433235,  0.23 
-1.25415874,  0.22 
-1.25398513,  0.23 
-1.25381152,  0.23 
-1.25363791,  0.22 
-1.25346430,  0.24 
-1.25329069,  0.24 
-1.25311708,  0.24 
-1.25294347,  0.24 
-1.25276986,  0.25 
-1.25259625,  0.25 
-1.25242264,  0.25 
-1.25224903,  0.26 
-1.25207542,  0.28 
-1.25190181,  0.27 
-1.25172820,  0.27 
-1.25155459,  0.27 
-1.25138098,  0.28 
-1.25120737,  0.27 
-1.25103376,  0.28 
-1.25086015,  0.29 
-1.25068654,  0.28 
-1.25051293,  0.29 
-1.25033932,  0.29 
-1.25016571,  0.29 
-1.24999210,  0.30 
-1.24981849,  0.30 
-1.24964488,  0.31 
-1.24947127,  0.31 
-1.24929766,  0.32 
-1.24912405,  0.32 
-1.24895044,  0.32 
-1.24877683,  0.32 
-1.24860322,  0.33 
-1.24842961,  0.34 
-1.24825600,  0.34 
-1.24808239,  0.34 
-1.24790878,  0.35 
-1.24773517,  0.35 
-1.24756156,  0.36 
-1.24738795,  0.36 
-1.24721434,  0.36 
-1.24704073,  0.35 
-1.24686712,  0.36 
-1.24669351,  0.36 
-1.24651990,  0.36 
-1.24634629,  0.38 
-1.24617268,  0.38 
-1.24599907,  0.38 
-1.24582546,  0.39 
-1.24565185,  0.39 
-1.24547824,  0.40 
-1.24530463,  0.39 
-1.24513102,  0.40 
-1.24495741,  0.40 
-1.24478380,  0.40 
-1.24461019,  0.41 
-1.24443658,  0.41 
-1.24426297,  0.41 
-1.24408936,  0.42 
-1.24391575,  0.42 
-1.24374214,  0.43 
-1.24356853,  0.44 
-1.24339492,  0.44 
-1.24322131,  0.44 
-1.24304770,  0.44 
-1.24287409,  0.44 
-1.24270048,  0.44 
-1.24252687,  0.45 
-1.24235326,  0.46 
-1.24217965,  0.46 
-1.24200604,  0.46 
-1.24183243,  0.46 
-1.24165882,  0.46 
-1.24148521,  0.47 
-1.24131160,  0.47 
-1.24113799,  0.47 
-1.24096438,  0.48 
-1.24079077,  0.47 
-1.24061716,  0.49 
-1.24044355,  0.50 
-1.24026994,  0.50 
-1.24009633,  0.50 
-1.23992272,  0.50 
-1.23974911,  0.50 
-1.23957550,  0.50 
-1.23940189,  0.51 
-1.23922828,  0.52 
-1.23905467,  0.51 
-1.23888106,  0.52 
-1.23870745,  0.52 
-1.23853384,  0.53 
-1.23836023,  0.53 
-1.23818662,  0.53 
-1.23801301,  0.53 
-1.23783940,  0.54 
-1.23766579,  0.53 
-1.23749218,  0.55 
-1.23731857,  0.56 
-1.23714496,  0.55 
-1.23697135,  0.55 
-1.23679774,  0.56 
-1.23662413,  0.57 
-1.23645052,  0.56 
-1.23627691,  0.57 
-1.23610330,  0.57 
-1.23592969,  0.57 
-1.23575608,  0.58 
-1.23558247,  0.59 
-1.23540886,  0.59 
-1.23523525,  0.59 
-1.23506164,  0.59 
-1.23488803,  0.59 
-1.23471442,  0.60 
-1.23454081,  0.60 
-1.23436720,  0.60 
-1.23419359,  0.62 
-1.23401998,  0.60 
-1.23384637,  0.60 
-1.23367276,  0.62 
-1.23349915,  0.62 
-1.23332554,  0.62 
-1.23315193,  0.62 
-1.23297832,  0.62 
-1.23280471,  0.63 
-1.23263110,  0.63 
-1.23245749,  0.64 
-1.23228388,  0.64 
-1.23211027,  0.65 
-1.23193666,  0.65 
-1.23176305,  0.65 
-1.23158944,  0.67 
-1.23141583,  0.66 
-1.23124222,  0.66 
-1.23106861,  0.66 
-1.23089500,  0.67 
-1.23072139,  0.66 
-1.23054778,  0.67 
-1.23037417,  0.68 
-1.23020056,  0.68 
-1.23002695,  0.69 
-1.22985334,  0.69 
-1.22967973,  0.70 
-1.22950612,  0.69 
-1.22933251,  0.69 
-1.22915890,  0.70 
-1.22898529,  0.70 
-1.22881168,  0.71 
-1.22863807,  0.71 
-1.22846446,  0.72 
-1.22829085,  0.72 
-1.22811724,  0.72 
-1.22794363,  0.73 
-1.22777002,  0.73 
-1.22759641,  0.73 
-1.22742280,  0.73 
-1.22724919,  0.73 
-1.22707558,  0.75 
-1.22690197,  0.74 
-1.22672836,  0.74 
-1.22655475,  0.75 
-1.22638114,  0.75 
-1.22620753,  0.75 
-1.22603392,  0.75 
-1.22586031,  0.76 
-1.22568670,  0.76 
-1.22551309,  0.77 
-1.22533948,  0.76 
-1.22516587,  0.77 
-1.22499226,  0.77 
-1.22481865,  0.78 
-1.22464504,  0.78 
-1.22447143,  0.79 
-1.22429782,  0.79 
-1.22412421,  0.79 
-1.22395060,  0.80 
-1.22377699,  0.80 
-1.22360338,  0.80 
-1.22342977,  0.80 
-1.22325616,  0.80 
-1.22308255,  0.80 
-1.22290894,  0.81 
-1.22273533,  0.81 
-1.22256172,  0.82 
-1.22238811,  0.81 
-1.22221450,  0.82 
-1.22204089,  0.82 
-1.22186728,  0.83 
-1.22169367,  0.83 
-1.22152006,  0.83 
-1.22134645,  0.84 
-1.22117284,  0.85 
-1.22099923,  0.85 
-1.22082562,  0.85 
-1.22065201,  0.85 
-1.22047840,  0.86 
-1.22030479,  0.85 
-1.22013118,  0.85 
-1.21995757,  0.87 
-1.21978396,  0.87 
-1.21961035,  0.88 
-1.21943674,  0.88 
-1.21926313,  0.87 
-1.21908952,  0.88 
-1.21891591,  0.88 
-1.21874230,  0.88 
-1.21856869,  0.88 
-1.21839508,  0.88 
-1.21822147,  0.89 
-1.21804786,  0.90 
-1.21787425,  0.89 
-1.21770064,  0.89 
-1.21752703,  0.90 
-1.21735342,  0.91 
-1.21717981,  0.90 
-1.21700620,  0.92 
-1.21683259,  0.91 
-1.21665898,  0.92 
-1.21648537,  0.93 
-1.21631176,  0.92 
-1.21613815,  0.92 
-1.21596454,  0.93 
-1.21579093,  0.93 
-1.21561732,  0.94 
-1.21544371,  0.93 
-1.21527010,  0.94 
-1.21509649,  0.94 
-1.21492288,  0.94 
-1.21474927,  0.95 
-1.21457566,  0.94 
-1.21440205,  0.95 
-1.21422844,  0.95 
-1.21405483,  0.96 
-1.21388122,  0.97 
-1.21370761,  0.97 
-1.21353400,  0.97 
-1.21336039,  0.98 
-1.21318678,  0.97 
-1.21301317,  0.97 
-1.21283956,  0.97 
-1.21266595,  0.98 
-1.21249234,  0.98 
-1.21231873,  0.99 
-1.21214512,  0.99 
-1.21197151,  0.99 
-1.21179790,  0.99 
-1.21162429,  1.00 
-1.21145068,  1.00 
-1.21127707,  1.00 
-1.21110346,  1.01 
-1.21092985,  1.01 
-1.21075624,  1.01 
-1.21058263,  1.02 
-1.21040902,  1.01 
-1.21023541,  1.02 
-1.21006180,  1.03 
-1.20988819,  1.03 
-1.20971458,  1.03 
-1.20954097,  1.03 
-1.20936736,  1.05 
-1.20919375,  1.04 
-1.20902014,  1.04 
-1.20884653,  1.04 
-1.20867292,  1.05 
-1.20849931,  1.04 
-1.20832570,  1.05 
-1.20815209,  1.05 
-1.20797848,  1.05 
-1.20780487,  1.07 
-1.20763126,  1.06 
-1.20745765,  1.06 
-1.20728404,  1.06 
-1.20711043,  1.06 
-1.20693682,  1.06 
-1.20676321,  1.07 
-1.20658960,  1.08 
-1.20641599,  1.08 
-1.20624238,  1.07 
-1.20606877,  1.09 
-1.20589516,  1.08 
-1.20572155,  1.08 
-1.20554794,  1.09 
-1.20537433,  1.09 
-1.20520072,  1.09 
-1.20502711,  1.10 
-1.20485350,  1.11 
-1.20467989,  1.10 
-1.20450628,  1.10 
-1.20433267,  1.11 
-1.20415906,  1.11 
-1.20398545,  1.12 
-1.20381184,  1.12 
-1.20363823,  1.12 
-1.20346462,  1.13 
-1.20329101,  1.13 
-1.20311740,  1.13 
-1.20294379,  1.13 
-1.20277018,  1.13 
-1.20259657,  1.14 
-1.20242296,  1.14 
-1.20224935,  1.13 
-1.20207574,  1.14 
-1.20190213,  1.14 
-1.20172852,  1.15 
-1.20155491,  1.14 
-1.20138130,  1.15 
-1.20120769,  1.15 
-1.20103408,  1.15 
-1.20086047,  1.15 
-1.20068686,  1.17 
-1.20051325,  1.17 
-1.20033964,  1.17 
-1.20016603,  1.17 
-1.19999242,  1.16 
-1.19981881,  1.17 
-1.19964520,  1.17 
-1.19947159,  1.17 
-1.19929798,  1.19 
-1.19912437,  1.19 
-1.19895076,  1.18 
-1.19877715,  1.19 
-1.19860354,  1.20 
-1.19842993,  1.19 
-1.19825632,  1.19 
-1.19808271,  1.20 
-1.19790910,  1.20 
-1.19773549,  1.20 
-1.19756188,  1.20 
-1.19738827,  1.20 
-1.19721466,  1.21 
-1.19704105,  1.20 
-1.19686744,  1.22 
-1.19669383,  1.21 
-1.19652022,  1.20 
-1.19634661,  1.22 
-1.19617300,  1.22 
-1.19599939,  1.22 
-1.19582578,  1.23 
-1.19565217,  1.23 
-1.19547856,  1.23 
-1.19530495,  1.23 
-1.19513134,  1.24 
-1.19495773,  1.24 
-1.19478412,  1.24 
-1.19461051,  1.24 
-1.19443690,  1.25 
-1.19426329,  1.24 
-1.19408968,  1.25 
-1.19391607,  1.25 
-1.19374246,  1.24 
-1.19356885,  1.26 
-1.19339524,  1.25 
-1.19322163,  1.26 
-1.19304802,  1.27 
-1.19287441,  1.25 
-1.19270080,  1.27 
-1.19252719,  1.27 
-1.19235358,  1.26 
-1.19217997,  1.27 
-1.19200636,  1.27 
-1.19183275,  1.27 
-1.19165914,  1.28 
-1.19148553,  1.28 
-1.19131192,  1.28 
-1.19113831,  1.28 
-1.19096470,  1.28 
-1.19079109,  1.28 
-1.19061748,  1.30 
-1.19044387,  1.29 
-1.19027026,  1.30 
-1.19009665,  1.30 
-1.18992304,  1.30 
-1.18974943,  1.30 
-1.18957582,  1.30 
-1.18940221,  1.29 
-1.18922860,  1.30 
-1.18905499,  1.31 
-1.18888138,  1.31 
-1.18870777,  1.31 
-1.18853416,  1.32 
-1.18836055,  1.32 
-1.18818694,  1.31 
-1.18801333,  1.31 
-1.18783972,  1.33 
-1.18766611,  1.32 
-1.18749250,  1.32 
-1.18731889,  1.33 
-1.18714528,  1.33 
-1.18697167,  1.34 
-1.18679806,  1.34 
-1.18662445,  1.34 
-1.18645084,  1.33 
-1.18627723,  1.34 
-1.18610362,  1.34 
-1.18593001,  1.35 
-1.18575640,  1.34 
-1.18558279,  1.35 
-1.18540918,  1.35 
-1.18523557,  1.35 
-1.18506196,  1.35 
-1.18488835,  1.35 
-1.18471474,  1.36 
-1.18454113,  1.35 
-1.18436752,  1.37 
-1.18419391,  1.36 
-1.18402030,  1.37 
-1.18384669,  1.37 
-1.18367308,  1.36 
-1.18349947,  1.37 
-1.18332586,  1.37 
-1.18315225,  1.36 
-1.18297864,  1.38 
-1.18280503,  1.37 
-1.18263142,  1.39 
-1.18245781,  1.38 
-1.18228420,  1.38 
-1.18211059,  1.38 
-1.18193698,  1.39 
-1.18176337,  1.39 
-1.18158976,  1.39 
-1.18141615,  1.40 
-1.18124254,  1.39 
-1.18106893,  1.40 
-1.18089532,  1.40 
-1.18072171,  1.40 
-1.18054810,  1.39 
-1.18037449,  1.40 
-1.18020088,  1.40 
-1.18002727,  1.41 
-1.17985366,  1.41 
-1.17968005,  1.40 
-1.17950644,  1.40 
-1.17933283,  1.40 
-1.17915922,  1.41 
-1.17898561,  1.42 
-1.17881200,  1.42 
-1.17863839,  1.41 
-1.17846478,  1.41 
-1.17829117,  1.43 
-1.17811756,  1.41 
-1.17794395,  1.42 
-1.17777034,  1.43 
-1.17759673,  1.43 
-1.17742312,  1.44 
-1.17724951,  1.42 
-1.17707590,  1.42 
-1.17690229,  1.44 
-1.17672868,  1.44 
-1.17655507,  1.44 
-1.17638146,  1.44 
-1.17620785,  1.43 
-1.17603424,  1.44 
-1.17586063,  1.45 
-1.17568702,  1.44 
-1.17551341,  1.45 
-1.17533980,  1.45 
-1.17516619,  1.46 
-1.17499258,  1.45 
-1.17481897,  1.45 
-1.17464536,  1.45 
-1.17447175,  1.46 
-1.17429814,  1.46 
-1.17412453,  1.46 
-1.17395092,  1.44 
-1.17377731,  1.46 
-1.17360370,  1.46 
-1.17343009,  1.46 
-1.17325648,  1.46 
-1.17308287,  1.46 
-1.17290926,  1.46 
-1.17273565,  1.47 
-1.17256204,  1.48 
-1.17238843,  1.48 
-1.17221482,  1.48 
-1.17204121,  1.47 
-1.17186760,  1.48 
-1.17169399,  1.47 
-1.17152038,  1.47 
-1.17134677,  1.48 
-1.17117316,  1.48 
-1.17099955,  1.48 
-1.17082594,  1.49 
-1.17065233,  1.49 
-1.17047872,  1.47 
-1.17030511,  1.49 
-1.17013150,  1.48 
-1.16995789,  1.50 
-1.16978428,  1.49 
-1.16961067,  1.49 
-1.16943706,  1.50 
-1.16926345,  1.50 
-1.16908984,  1.49 
-1.16891623,  1.49 
-1.16874262,  1.50 
-1.16856901,  1.50 
-1.16839540,  1.50 
-1.16822179,  1.49 
-1.16804818,  1.50 
-1.16787457,  1.50 
-1.16770096,  1.50 
-1.16752735,  1.51 
-1.16735374,  1.51 
-1.16718013,  1.51 
-1.16700652,  1.52 
-1.16683291,  1.51 
-1.16665930,  1.51 
-1.16648569,  1.51 
-1.16631208,  1.52 
-1.16613847,  1.52 
-1.16596486,  1.51 
-1.16579125,  1.52 
-1.16561764,  1.52 
-1.16544403,  1.52 
-1.16527042,  1.52 
-1.16509681,  1.52 
-1.16492320,  1.52 
-1.16474959,  1.53 
-1.16457598,  1.52 
-1.16440237,  1.53 
-1.16422876,  1.52 
-1.16405515,  1.52 
-1.16388154,  1.53 
-1.16370793,  1.53 
-1.16353432,  1.54 
-1.16336071,  1.54 
-1.16318710,  1.53 
-1.16301349,  1.53 
-1.16283988,  1.53 
-1.16266627,  1.54 
-1.16249266,  1.54 
-1.16231905,  1.53 
-1.16214544,  1.54 
-1.16197183,  1.54 
-1.16179822,  1.54 
-1.16162461,  1.54 
-1.16145100,  1.55 
-1.16127739,  1.55 
-1.16110378,  1.54 
-1.16093017,  1.55 
-1.16075656,  1.56 
-1.16058295,  1.55 
-1.16040934,  1.55 
-1.16023573,  1.55 
-1.16006212,  1.56 
-1.15988851,  1.55 
-1.15971490,  1.55 
-1.15954129,  1.55 
-1.15936768,  1.57 
-1.15919407,  1.55 
-1.15902046,  1.56 
-1.15884685,  1.56 
-1.15867324,  1.56 
-1.15849963,  1.56 
-1.15832602,  1.56 
-1.15815241,  1.56 
-1.15797880,  1.56 
-1.15780519,  1.56 
-1.15763158,  1.56 
-1.15745797,  1.56 
-1.15728436,  1.56 
-1.15711075,  1.57 
-1.15693714,  1.57 
-1.15676353,  1.56 
-1.15658992,  1.56 
-1.15641631,  1.57 
-1.15624270,  1.57 
-1.15606909,  1.57 
-1.15589548,  1.57 
-1.15572187,  1.57 
-1.15554826,  1.57 
-1.15537465,  1.57 
-1.15520104,  1.57 
-1.15502743,  1.58 
-1.15485382,  1.58 
-1.15468021,  1.57 
-1.15450660,  1.57 
-1.15433299,  1.58 
-1.15415938,  1.58 
-1.15398577,  1.58 
-1.15381216,  1.58 
-1.15363855,  1.58 
-1.15346494,  1.58 
-1.15329133,  1.57 
-1.15311772,  1.58 
-1.15294411,  1.57 
-1.15277050,  1.58 
-1.15259689,  1.58 
-1.15242328,  1.59 
-1.15224967,  1.59 
-1.15207606,  1.57 
-1.15190245,  1.58 
-1.15172884,  1.59 
-1.15155523,  1.59 
-1.15138162,  1.59 
-1.15120801,  1.59 
-1.15103440,  1.58 
-1.15086079,  1.59 
-1.15068718,  1.58 
-1.15051357,  1.58 
-1.15033996,  1.58 
-1.15016635,  1.59 
-1.14999274,  1.59 
-1.14981913,  1.59 
-1.14964552,  1.60 
-1.14947191,  1.59 
-1.14929830,  1.58 
-1.14912469,  1.59 
-1.14895108,  1.59 
-1.14877747,  1.59 
-1.14860386,  1.60 
-1.14843025,  1.60 
-1.14825664,  1.59 
-1.14808303,  1.59 
-1.14790942,  1.59 
-1.14773581,  1.60 
-1.14756220,  1.60 
-1.14738859,  1.60 
-1.14721498,  1.60 
-1.14704137,  1.59 
-1.14686776,  1.60 
-1.14669415,  1.60 
-1.14652054,  1.59 
-1.14634693,  1.60 
-1.14617332,  1.59 
-1.14599971,  1.59 
-1.14582610,  1.60 
-1.14565249,  1.60 
-1.14547888,  1.60 
-1.14530527,  1.60 
-1.14513166,  1.60 
-1.14495805,  1.60 
-1.14478444,  1.60 
-1.14461083,  1.60 
-1.14443722,  1.60 
-1.14426361,  1.60 
-1.14409000,  1.60 
-1.14391639,  1.60 
-1.14374278,  1.60 
-1.14356917,  1.60 
-1.14339556,  1.60 
-1.14322195,  1.61 
-1.14304834,  1.59 
-1.14287473,  1.59 
-1.14270112,  1.60 
-1.14252751,  1.60 
-1.14235390,  1.60 
-1.14218029,  1.59 
-1.14200668,  1.60 
-1.14183307,  1.60 
-1.14165946,  1.60 
-1.14148585,  1.59 
-1.14131224,  1.60 
-1.14113863,  1.59 
-1.14096502,  1.61 
-1.14079141,  1.59 
-1.14061780,  1.61 
-1.14044419,  1.60 
-1.14027058,  1.60 
-1.14009697,  1.61 
-1.13992336,  1.60 
-1.13974975,  1.60 
-1.13957614,  1.60 
-1.13940253,  1.60 
-1.13922892,  1.60 
-1.13905531,  1.60 
-1.13888170,  1.61 
-1.13870809,  1.60 
-1.13853448,  1.60 
-1.13836087,  1.60 
-1.13818726,  1.60 
-1.13801365,  1.60 
-1.13784004,  1.60 
-1.13766643,  1.60 
-1.13749282,  1.60 
-1.13731921,  1.60 
-1.13714560,  1.61 
-1.13697199,  1.61 
-1.13679838,  1.60 
-1.13662477,  1.60 
-1.13645116,  1.59 
-1.13627755,  1.59 
-1.13610394,  1.59 
-1.13593033,  1.60 
-1.13575672,  1.60 
-1.13558311,  1.59 
-1.13540950,  1.60 
-1.13523589,  1.59 
-1.13506228,  1.59 
-1.13488867,  1.60 
-1.13471506,  1.60 
-1.13454145,  1.60 
-1.13436784,  1.59 
-1.13419423,  1.60 
-1.13402062,  1.59 
-1.13384701,  1.59 
-1.13367340,  1.59 
-1.13349979,  1.59 
-1.13332618,  1.60 
-1.13315257,  1.60 
-1.13297896,  1.59 
-1.13280535,  1.59 
-1.13263174,  1.59 
-1.13245813,  1.58 
-1.13228452,  1.59 
-1.13211091,  1.59 
-1.13193730,  1.58 
-1.13176369,  1.59 
-1.13159008,  1.60 
-1.13141647,  1.59 
-1.13124286,  1.58 
-1.13106925,  1.58 
-1.13089564,  1.59 
-1.13072203,  1.59 
-1.13054842,  1.59 
-1.13037481,  1.59 
-1.13020120,  1.59 
-1.13002759,  1.60 
-1.12985398,  1.58 
-1.12968037,  1.58 
-1.12950676,  1.59 
-1.12933315,  1.58 
-1.12915954,  1.59 
-1.12898593,  1.59 
-1.12881232,  1.59 
-1.12863871,  1.57 
-1.12846510,  1.59 
-1.12829149,  1.58 
-1.12811788,  1.57 
-1.12794427,  1.58 
-1.12777066,  1.58 
-1.12759705,  1.58 
-1.12742344,  1.58 
-1.12724983,  1.58 
-1.12707622,  1.58 
-1.12690261,  1.58 
-1.12672900,  1.58 
-1.12655539,  1.58 
-1.12638178,  1.58 
-1.12620817,  1.58 
-1.12603456,  1.58 
-1.12586095,  1.57 
-1.12568734,  1.58 
-1.12551373,  1.58 
-1.12534012,  1.58 
-1.12516651,  1.57 
-1.12499290,  1.56 
-1.12481929,  1.57 
-1.12464568,  1.56 
-1.12447207,  1.57 
-1.12429846,  1.57 
-1.12412485,  1.58 
-1.12395124,  1.57 
-1.12377763,  1.57 
-1.12360402,  1.57 
-1.12343041,  1.57 
-1.12325680,  1.57 
-1.12308319,  1.57 
-1.12290958,  1.56 
-1.12273597,  1.56 
-1.12256236,  1.56 
-1.12238875,  1.55 
-1.12221514,  1.57 
-1.12204153,  1.55 
-1.12186792,  1.55 
-1.12169431,  1.55 
-1.12152070,  1.57 
-1.12134709,  1.56 
-1.12117348,  1.55 
-1.12099987,  1.55 
-1.12082626,  1.55 
-1.12065265,  1.55 
-1.12047904,  1.55 
-1.12030543,  1.55 
-1.12013182,  1.55 
-1.11995821,  1.54 
-1.11978460,  1.55 
-1.11961099,  1.55 
-1.11943738,  1.54 
-1.11926377,  1.55 
-1.11909016,  1.54 
-1.11891655,  1.54 
-1.11874294,  1.55 
-1.11856933,  1.54 
-1.11839572,  1.53 
-1.11822211,  1.54 
-1.11804850,  1.54 
-1.11787489,  1.54 
-1.11770128,  1.54 
-1.11752767,  1.53 
-1.11735406,  1.53 
-1.11718045,  1.54 
-1.11700684,  1.53 
-1.11683323,  1.53 
-1.11665962,  1.53 
-1.11648601,  1.53 
-1.11631240,  1.52 
-1.11613879,  1.53 
-1.11596518,  1.52 
-1.11579157,  1.53 
-1.11561796,  1.53 
-1.11544435,  1.52 
-1.11527074,  1.51 
-1.11509713,  1.52 
-1.11492352,  1.52 
-1.11474991,  1.51 
-1.11457630,  1.52 
-1.11440269,  1.52 
-1.11422908,  1.51 
-1.11405547,  1.52 
-1.11388186,  1.51 
-1.11370825,  1.51 
-1.11353464,  1.51 
-1.11336103,  1.52 
-1.11318742,  1.50 
-1.11301381,  1.51 
-1.11284020,  1.51 
-1.11266659,  1.51 
-1.11249298,  1.49 
-1.11231937,  1.50 
-1.11214576,  1.49 
-1.11197215,  1.50 
-1.11179854,  1.50 
-1.11162493,  1.49 
-1.11145132,  1.50 
-1.11127771,  1.50 
-1.11110410,  1.49 
-1.11093049,  1.49 
-1.11075688,  1.49 
-1.11058327,  1.50 
-1.11040966,  1.49 
-1.11023605,  1.49 
-1.11006244,  1.48 
-1.10988883,  1.48 
-1.10971522,  1.48 
-1.10954161,  1.49 
-1.10936800,  1.48 
-1.10919439,  1.48 
-1.10902078,  1.47 
-1.10884717,  1.48 
-1.10867356,  1.48 
-1.10849995,  1.48 
-1.10832634,  1.47 
-1.10815273,  1.47 
-1.10797912,  1.47 
-1.10780551,  1.47 
-1.10763190,  1.47 
-1.10745829,  1.47 
-1.10728468,  1.46 
-1.10711107,  1.46 
-1.10693746,  1.46 
-1.10676385,  1.47 
-1.10659024,  1.46 
-1.10641663,  1.46 
-1.10624302,  1.45 
-1.10606941,  1.46 
-1.10589580,  1.44 
-1.10572219,  1.46 
-1.10554858,  1.45 
-1.10537497,  1.46 
-1.10520136,  1.45 
-1.10502775,  1.44 
-1.10485414,  1.44 
-1.10468053,  1.44 
-1.10450692,  1.45 
-1.10433331,  1.44 
-1.10415970,  1.43 
-1.10398609,  1.44 
-1.10381248,  1.43 
-1.10363887,  1.43 
-1.10346526,  1.43 
-1.10329165,  1.43 
-1.10311804,  1.43 
-1.10294443,  1.43 
-1.10277082,  1.43 
-1.10259721,  1.42 
-1.10242360,  1.42 
-1.10224999,  1.43 
-1.10207638,  1.42 
-1.10190277,  1.43 
-1.10172916,  1.42 
-1.10155555,  1.42 
-1.10138194,  1.41 
-1.10120833,  1.41 
-1.10103472,  1.41 
-1.10086111,  1.41 
-1.10068750,  1.41 
-1.10051389,  1.41 
-1.10034028,  1.40 
-1.10016667,  1.40 
-1.09999306,  1.40 
-1.09981945,  1.40 
-1.09964584,  1.40 
-1.09947223,  1.39 
-1.09929862,  1.38 
-1.09912501,  1.39 
-1.09895140,  1.39 
-1.09877779,  1.39 
-1.09860418,  1.38 
-1.09843057,  1.38 
-1.09825696,  1.38 
-1.09808335,  1.39 
-1.09790974,  1.37 
-1.09773613,  1.38 
-1.09756252,  1.38 
-1.09738891,  1.37 
-1.09721530,  1.37 
-1.09704169,  1.37 
-1.09686808,  1.36 
-1.09669447,  1.37 
-1.09652086,  1.36 
-1.09634725,  1.36 
-1.09617364,  1.36 
-1.09600003,  1.36 
-1.09582642,  1.36 
-1.09565281,  1.35 
-1.09547920,  1.36 
-1.09530559,  1.35 
-1.09513198,  1.35 
-1.09495837,  1.35 
-1.09478476,  1.35 
-1.09461115,  1.34 
-1.09443754,  1.34 
-1.09426393,  1.34 
-1.09409032,  1.34 
-1.09391671,  1.33 
-1.09374310,  1.33 
-1.09356949,  1.34 
-1.09339588,  1.34 
-1.09322227,  1.33 
-1.09304866,  1.33 
-1.09287505,  1.32 
-1.09270144,  1.33 
-1.09252783,  1.32 
-1.09235422,  1.31 
-1.09218061,  1.32 
-1.09200700,  1.31 
-1.09183339,  1.31 
-1.09165978,  1.31 
-1.09148617,  1.30 
-1.09131256,  1.31 
-1.09113895,  1.30 
-1.09096534,  1.30 
-1.09079173,  1.30 
-1.09061812,  1.30 
-1.09044451,  1.30 
-1.09027090,  1.29 
-1.09009729,  1.29 
-1.08992368,  1.28 
-1.08975007,  1.28 
-1.08957646,  1.29 
-1.08940285,  1.29 
-1.08922924,  1.28 
-1.08905563,  1.28 
-1.08888202,  1.28 
-1.08870841,  1.27 
-1.08853480,  1.27 
-1.08836119,  1.27 
-1.08818758,  1.26 
-1.08801397,  1.26 
-1.08784036,  1.26 
-1.08766675,  1.27 
-1.08749314,  1.26 
-1.08731953,  1.27 
-1.08714592,  1.26 
-1.08697231,  1.25 
-1.08679870,  1.27 
-1.08662509,  1.25 
-1.08645148,  1.25 
-1.08627787,  1.25 
-1.08610426,  1.24 
-1.08593065,  1.23 
-1.08575704,  1.24 
-1.08558343,  1.23 
-1.08540982,  1.23 
-1.08523621,  1.23 
-1.08506260,  1.23 
-1.08488899,  1.23 
-1.08471538,  1.22 
-1.08454177,  1.22 
-1.08436816,  1.22 
-1.08419455,  1.22 
-1.08402094,  1.22 
-1.08384733,  1.22 
-1.08367372,  1.20 
-1.08350011,  1.21 
-1.08332650,  1.21 
-1.08315289,  1.20 
-1.08297928,  1.21 
-1.08280567,  1.20 
-1.08263206,  1.20 
-1.08245845,  1.20 
-1.08228484,  1.19 
-1.08211123,  1.20 
-1.08193762,  1.19 
-1.08176401,  1.18 
-1.08159040,  1.18 
-1.08141679,  1.19 
-1.08124318,  1.18 
-1.08106957,  1.18 
-1.08089596,  1.18 
-1.08072235,  1.17 
-1.08054874,  1.16 
-1.08037513,  1.16 
-1.08020152,  1.17 
-1.08002791,  1.17 
-1.07985430,  1.17 
-1.07968069,  1.16 
-1.07950708,  1.17 
-1.07933347,  1.16 
-1.07915986,  1.15 
-1.07898625,  1.15 
-1.07881264,  1.15 
-1.07863903,  1.14 
-1.07846542,  1.14 
-1.07829181,  1.14 
-1.07811820,  1.14 
-1.07794459,  1.13 
-1.07777098,  1.13 
-1.07759737,  1.13 
-1.07742376,  1.13 
-1.07725015,  1.13 
-1.07707654,  1.12 
-1.07690293,  1.12 
-1.07672932,  1.12 
-1.07655571,  1.12 
-1.07638210,  1.11 
-1.07620849,  1.11 
-1.07603488,  1.12 
-1.07586127,  1.11 
-1.07568766,  1.10 
-1.07551405,  1.10 
-1.07534044,  1.10 
-1.07516683,  1.09 
-1.07499322,  1.09 
-1.07481961,  1.09 
-1.07464600,  1.08 
-1.07447239,  1.08 
-1.07429878,  1.08 
-1.07412517,  1.08 
-1.07395156,  1.07 
-1.07377795,  1.08 
-1.07360434,  1.07 
-1.07343073,  1.07 
-1.07325712,  1.06 
-1.07308351,  1.07 
-1.07290990,  1.06 
-1.07273629,  1.06 
-1.07256268,  1.05 
-1.07238907,  1.05 
-1.07221546,  1.04 
-1.07204185,  1.05 
-1.07186824,  1.05 
-1.07169463,  1.04 
-1.07152102,  1.04 
-1.07134741,  1.04 
-1.07117380,  1.04 
-1.07100019,  1.04 
-1.07082658,  1.03 
-1.07065297,  1.02 
-1.07047936,  1.02 
-1.07030575,  1.02 
-1.07013214,  1.01 
-1.06995853,  1.01 
-1.06978492,  1.01 
-1.06961131,  1.01 
-1.06943770,  1.00 
-1.06926409,  1.00 
-1.06909048,  1.00 
-1.06891687,  1.00 
-1.06874326,  0.99 
-1.06856965,  0.99 
-1.06839604,  0.99 
-1.06822243,  0.99 
-1.06804882,  0.99 
-1.06787521,  0.98 
-1.06770160,  0.98 
-1.06752799,  0.97 
-1.06735438,  0.97 
-1.06718077,  0.97 
-1.06700716,  0.97 
-1.06683355,  0.97 
-1.06665994,  0.96 
-1.06648633,  0.97 
-1.06631272,  0.94 
-1.06613911,  0.96 
-1.06596550,  0.95 
-1.06579189,  0.96 
-1.06561828,  0.94 
-1.06544467,  0.94 
-1.06527106,  0.94 
-1.06509745,  0.93 
-1.06492384,  0.94 
-1.06475023,  0.93 
-1.06457662,  0.94 
-1.06440301,  0.92 
-1.06422940,  0.92 
-1.06405579,  0.92 
-1.06388218,  0.92 
-1.06370857,  0.92 
-1.06353496,  0.92 
-1.06336135,  0.92 
-1.06318774,  0.90 
-1.06301413,  0.90 
-1.06284052,  0.90 
-1.06266691,  0.90 
-1.06249330,  0.89 
-1.06231969,  0.90 
-1.06214608,  0.89 
-1.06197247,  0.90 
-1.06179886,  0.88 
-1.06162525,  0.88 
-1.06145164,  0.89 
-1.06127803,  0.88 
-1.06110442,  0.87 
-1.06093081,  0.87 
-1.06075720,  0.87 
-1.06058359,  0.86 
-1.06040998,  0.86 
-1.06023637,  0.85 
-1.06006276,  0.86 
-1.05988915,  0.85 
-1.05971554,  0.85 
-1.05954193,  0.85 
-1.05936832,  0.85 
-1.05919471,  0.84 
-1.05902110,  0.84 
-1.05884749,  0.85 
-1.05867388,  0.83 
-1.05850027,  0.83 
-1.05832666,  0.82 
-1.05815305,  0.82 
-1.05797944,  0.82 
-1.05780583,  0.81 
-1.05763222,  0.81 
-1.05745861,  0.80 
-1.05728500,  0.81 
-1.05711139,  0.79 
-1.05693778,  0.80 
-1.05676417,  0.79 
-1.05659056,  0.80 
-1.05641695,  0.79 
-1.05624334,  0.79 
-1.05606973,  0.78 
-1.05589612,  0.78 
-1.05572251,  0.78 
-1.05554890,  0.78 
-1.05537529,  0.78 
-1.05520168,  0.76 
-1.05502807,  0.75 
-1.05485446,  0.76 
-1.05468085,  0.76 
-1.05450724,  0.76 
-1.05433363,  0.75 
-1.05416002,  0.75 
-1.05398641,  0.75 
-1.05381280,  0.76 
-1.05363919,  0.75 
-1.05346558,  0.73 
-1.05329197,  0.73 
-1.05311836,  0.74 
-1.05294475,  0.73 
-1.05277114,  0.74 
-1.05259753,  0.72 
-1.05242392,  0.73 
-1.05225031,  0.72 
-1.05207670,  0.72 
-1.05190309,  0.71 
-1.05172948,  0.70 
-1.05155587,  0.71 
-1.05138226,  0.70 
-1.05120865,  0.70 
-1.05103504,  0.69 
-1.05086143,  0.69 
-1.05068782,  0.69 
-1.05051421,  0.69 
-1.05034060,  0.67 
-1.05016699,  0.67 
-1.04999338,  0.68 
-1.04981977,  0.68 
-1.04964616,  0.67 
-1.04947255,  0.66 
-1.04929894,  0.66 
-1.04912533,  0.66 
-1.04895172,  0.66 
-1.04877811,  0.65 
-1.04860450,  0.65 
-1.04843089,  0.64 
-1.04825728,  0.65 
-1.04808367,  0.64 
-1.04791006,  0.64 
-1.04773645,  0.64 
-1.04756284,  0.64 
-1.04738923,  0.63 
-1.04721562,  0.63 
-1.04704201,  0.62 
-1.04686840,  0.62 
-1.04669479,  0.61 
-1.04652118,  0.61 
-1.04634757,  0.61 
-1.04617396,  0.61 
-1.04600035,  0.60 
-1.04582674,  0.61 
-1.04565313,  0.60 
-1.04547952,  0.59 
-1.04530591,  0.59 
-1.04513230,  0.59 
-1.04495869,  0.58 
-1.04478508,  0.58 
-1.04461147,  0.58 
-1.04443786,  0.57 
-1.04426425,  0.57 
-1.04409064,  0.57 
-1.04391703,  0.57 
-1.04374342,  0.56 
-1.04356981,  0.55 
-1.04339620,  0.55 
-1.04322259,  0.55 
-1.04304898,  0.55 
-1.04287537,  0.54 
-1.04270176,  0.53 
-1.04252815,  0.54 
-1.04235454,  0.55 
-1.04218093,  0.53 
-1.04200732,  0.53 
-1.04183371,  0.52 
-1.04166010,  0.52 
-1.04148649,  0.52 
-1.04131288,  0.52 
-1.04113927,  0.52 
-1.04096566,  0.51 
-1.04079205,  0.50 
-1.04061844,  0.50 
-1.04044483,  0.50 
-1.04027122,  0.51 
-1.04009761,  0.49 
-1.03992400,  0.48 
-1.03975039,  0.49 
-1.03957678,  0.48 
-1.03940317,  0.48 
-1.03922956,  0.48 
-1.03905595,  0.47 
-1.03888234,  0.46 
-1.03870873,  0.46 
-1.03853512,  0.46 
-1.03836151,  0.46 
-1.03818790,  0.45 
-1.03801429,  0.44 
-1.03784068,  0.44 
-1.03766707,  0.44 
-1.03749346,  0.44 
-1.03731985,  0.44 
-1.03714624,  0.44 
-1.03697263,  0.43 
-1.03679902,  0.42 
-1.03662541,  0.42 
-1.03645180,  0.42 
-1.03627819,  0.42 
-1.03610458,  0.42 
-1.03593097,  0.41 
-1.03575736,  0.41 
-1.03558375,  0.40 
-1.03541014,  0.40 
-1.03523653,  0.40 
-1.03506292,  0.39 
-1.03488931,  0.39 
-1.03471570,  0.39 
-1.03454209,  0.38 
-1.03436848,  0.38 
-1.03419487,  0.37 
-1.03402126,  0.38 
-1.03384765,  0.37 
-1.03367404,  0.37 
-1.03350043,  0.37 
-1.03332682,  0.36 
-1.03315321,  0.36 
-1.03297960,  0.35 
-1.03280599,  0.35 
-1.03263238,  0.35 
-1.03245877,  0.35 
-1.03228516,  0.34 
-1.03211155,  0.34 
-1.03193794,  0.33 
-1.03176433,  0.33 
-1.03159072,  0.33 
-1.03141711,  0.32 
-1.03124350,  0.32 
-1.03106989,  0.31 
-1.03089628,  0.31 
-1.03072267,  0.31 
-1.03054906,  0.31 
-1.03037545,  0.31 
-1.03020184,  0.30 
-1.03002823,  0.30 
-1.02985462,  0.30 
-1.02968101,  0.29 
-1.02950740,  0.28 
-1.02933379,  0.29 
-1.02916018,  0.27 
-1.02898657,  0.27 
-1.02881296,  0.27 
-1.02863935,  0.26 
-1.02846574,  0.26 
-1.02829213,  0.27 
-1.02811852,  0.25 
-1.02794491,  0.25 
-1.02777130,  0.26 
-1.02759769,  0.25 
-1.02742408,  0.24 
-1.02725047,  0.24 
-1.02707686,  0.23 
-1.02690325,  0.24 
-1.02672964,  0.24 
-1.02655603,  0.22 
-1.02638242,  0.22 
-1.02620881,  0.23 
-1.02603520,  0.21 
-1.02586159,  0.22 
-1.02568798,  0.21 
-1.02551437,  0.20 
-1.02534076,  0.22 
-1.02516715,  0.20 
-1.02499354,  0.19 
-1.02481993,  0.20 
-1.02464632,  0.19 
-1.02447271,  0.17 
-1.02429910,  0.17 
-1.02412549,  0.18 
-1.02395188,  0.17 
-1.02377827,  0.17 
-1.02360466,  0.16 
-1.02343105,  0.17 
-1.02325744,  0.16 
-1.02308383,  0.15 
-1.02291022,  0.14 
-1.02273661,  0.15 
-1.02256300,  0.15 
-1.02238939,  0.15 
-1.02221578,  0.15 
-1.02204217,  0.14 
-1.02186856,  0.14 
-1.02169495,  0.12 
-1.02152134,  0.13 
-1.02134773,  0.13 
-1.02117412,  0.12 
-1.02100051,  0.12 
-1.02082690,  0.10 
-1.02065329,  0.11 
-1.02047968,  0.10 
-1.02030607,  0.09 
-1.02013246,  0.09 
-1.01995885,  0.10 
-1.01978524,  0.10 
-1.01961163,  0.09 
-1.01943802,  0.08 
-1.01926441,  0.09 
-1.01909080,  0.08 
-1.01891719,  0.06 
-1.01874358,  0.07 
-1.01856997,  0.07 
-1.01839636,  0.07 
-1.01822275,  0.06 
-1.01804914,  0.06 
-1.01787553,  0.05 
-1.01770192,  0.05 
-1.01752831,  0.04 
-1.01735470,  0.03 
-1.01718109,  0.04 
-1.01700748,  0.03 
-1.01683387,  0.03 
-1.01666026,  0.03 
-1.01648665,  0.02 
-1.01631304,  0.02 
-1.01613943,  0.02 
-1.01596582,  0.01 
-1.01579221,  0.01 
-1.01561860, -0.00 
-1.01544499,  0.01 
-1.01527138,  0.00 
-1.01509777, -0.00 
-1.01492416, -0.00 
-1.01475055, -0.01 
-1.01457694, -0.01 
-1.01440333, -0.01 
-1.01422972, -0.02 
-1.01405611, -0.01 
-1.01388250, -0.03 
-1.01370889, -0.03 
-1.01353528, -0.03 
-1.01336167, -0.03 
-1.01318806, -0.04 
-1.01301445, -0.04 
-1.01284084, -0.04 
-1.01266723, -0.04 
-1.01249362, -0.05 
-1.01232001, -0.05 
-1.01214640, -0.06 
-1.01197279, -0.07 
-1.01179918, -0.07 
-1.01162557, -0.07 
-1.01145196, -0.07 
-1.01127835, -0.07 
-1.01110474, -0.08 
-1.01093113, -0.09 
-1.01075752, -0.09 
-1.01058391, -0.10 
-1.01041030, -0.10 
-1.01023669, -0.11 
-1.01006308, -0.10 
-1.00988947, -0.11 
-1.00971586, -0.11 
-1.00954225, -0.11 
-1.00936864, -0.11 
-1.00919503, -0.12 
-1.00902142, -0.12 
-1.00884781, -0.12 
-1.00867420, -0.12 
-1.00850059, -0.13 
-1.00832698, -0.14 
-1.00815337, -0.14 
-1.00797976, -0.14 
-1.00780615, -0.14 
-1.00763254, -0.15 
-1.00745893, -0.15 
-1.00728532, -0.17 
-1.00711171, -0.16 
-1.00693810, -0.16 
-1.00676449, -0.16 
-1.00659088, -0.17 
-1.00641727, -0.18 
-1.00624366, -0.18 
-1.00607005, -0.18 
-1.00589644, -0.18 
-1.00572283, -0.19 
-1.00554922, -0.19 
-1.00537561, -0.19 
-1.00520200, -0.20 
-1.00502839, -0.19 
-1.00485478, -0.21 
-1.00468117, -0.20 
-1.00450756, -0.22 
-1.00433395, -0.21 
-1.00416034, -0.22 
-1.00398673, -0.22 
-1.00381312, -0.23 
-1.00363951, -0.23 
-1.00346590, -0.23 
-1.00329229, -0.24 
-1.00311868, -0.25 
-1.00294507, -0.25 
-1.00277146, -0.25 
-1.00259785, -0.25 
-1.00242424, -0.25 
-1.00225063, -0.25 
-1.00207702, -0.26 
-1.00190341, -0.26 
-1.00172980, -0.26 
-1.00155619, -0.28 
-1.00138258, -0.26 
-1.00120897, -0.28 
-1.00103536, -0.28 
-1.00086175, -0.28 
-1.00068814, -0.29 
-1.00051453, -0.30 
-1.00034092, -0.30 
-1.00016731, -0.30 
-0.99999370, -0.31 
-0.99982009, -0.30 
-0.99964648, -0.31 
-0.99947287, -0.31 
-0.99929926, -0.31 
-0.99912565, -0.33 
-0.99895204, -0.32 
-0.99877843, -0.33 
-0.99860482, -0.33 
-0.99843121, -0.34 
-0.99825760, -0.34 
-0.99808399, -0.34 
-0.99791038, -0.35 
-0.99773677, -0.35 
-0.99756316, -0.36 
-0.99738955, -0.35 
-0.99721594, -0.36 
-0.99704233, -0.36 
-0.99686872, -0.37 
-0.99669511, -0.37 
-0.99652150, -0.37 
-0.99634789, -0.37 
-0.99617428, -0.38 
-0.99600067, -0.37 
-0.99582706, -0.39 
-0.99565345, -0.39 
-0.99547984, -0.39 
-0.99530623, -0.39 
-0.99513262, -0.40 
-0.99495901, -0.41 
-0.99478540, -0.40 
-0.99461179, -0.41 
-0.99443818, -0.41 
-0.99426457, -0.42 
-0.99409096, -0.41 
-0.99391735, -0.42 
-0.99374374, -0.42 
-0.99357013, -0.43 
-0.99339652, -0.43 
-0.99322291, -0.43 
-0.99304930, -0.44 
-0.99287569, -0.44 
-0.99270208, -0.44 
-0.99252847, -0.45 
-0.99235486, -0.44 
-0.99218125, -0.45 
-0.99200764, -0.45 
-0.99183403, -0.46 
-0.99166042, -0.46 
-0.99148681, -0.47 
-0.99131320, -0.47 
-0.99113959, -0.47 
-0.99096598, -0.49 
-0.99079237, -0.49 
-0.99061876, -0.49 
-0.99044515, -0.49 
-0.99027154, -0.50 
-0.99009793, -0.49 
-0.98992432, -0.50 
-0.98975071, -0.50 
-0.98957710, -0.51 
-0.98940349, -0.52 
-0.98922988, -0.51 
-0.98905627, -0.50 
-0.98888266, -0.52 
-0.98870905, -0.52 
-0.98853544, -0.51 
-0.98836183, -0.52 
-0.98818822, -0.53 
-0.98801461, -0.54 
-0.98784100, -0.54 
-0.98766739, -0.54 
-0.98749378, -0.54 
-0.98732017, -0.55 
-0.98714656, -0.56 
-0.98697295, -0.55 
-0.98679934, -0.56 
-0.98662573, -0.56 
-0.98645212, -0.56 
-0.98627851, -0.57 
-0.98610490, -0.57 
-0.98593129, -0.58 
-0.98575768, -0.57 
-0.98558407, -0.58 
-0.98541046, -0.58 
-0.98523685, -0.58 
-0.98506324, -0.59 
-0.98488963, -0.60 
-0.98471602, -0.60 
-0.98454241, -0.60 
-0.98436880, -0.60 
-0.98419519, -0.62 
-0.98402158, -0.61 
-0.98384797, -0.62 
-0.98367436, -0.62 
-0.98350075, -0.63 
-0.98332714, -0.63 
-0.98315353, -0.63 
-0.98297992, -0.62 
-0.98280631, -0.62 
-0.98263270, -0.64 
-0.98245909, -0.64 
-0.98228548, -0.64 
-0.98211187, -0.64 
-0.98193826, -0.65 
-0.98176465, -0.65 
-0.98159104, -0.65 
-0.98141743, -0.65 
-0.98124382, -0.66 
-0.98107021, -0.67 
-0.98089660, -0.67 
-0.98072299, -0.67 
-0.98054938, -0.67 
-0.98037577, -0.68 
-0.98020216, -0.68 
-0.98002855, -0.69 
-0.97985494, -0.68 
-0.97968133, -0.69 
-0.97950772, -0.69 
-0.97933411, -0.69 
-0.97916050, -0.70 
-0.97898689, -0.70 
-0.97881328, -0.70 
-0.97863967, -0.71 
-0.97846606, -0.71 
-0.97829245, -0.71 
-0.97811884, -0.73 
-0.97794523, -0.72 
-0.97777162, -0.72 
-0.97759801, -0.72 
-0.97742440, -0.73 
-0.97725079, -0.73 
-0.97707718, -0.74 
-0.97690357, -0.75 
-0.97672996, -0.73 
-0.97655635, -0.75 
-0.97638274, -0.74 
-0.97620913, -0.75 
-0.97603552, -0.76 
-0.97586191, -0.76 
-0.97568830, -0.75 
-0.97551469, -0.76 
-0.97534108, -0.77 
-0.97516747, -0.78 
-0.97499386, -0.77 
-0.97482025, -0.77 
-0.97464664, -0.77 
-0.97447303, -0.79 
-0.97429942, -0.78 
-0.97412581, -0.79 
-0.97395220, -0.79 
-0.97377859, -0.80 
-0.97360498, -0.80 
-0.97343137, -0.81 
-0.97325776, -0.80 
-0.97308415, -0.81 
-0.97291054, -0.82 
-0.97273693, -0.81 
-0.97256332, -0.82 
-0.97238971, -0.81 
-0.97221610, -0.82 
-0.97204249, -0.82 
-0.97186888, -0.82 
-0.97169527, -0.82 
-0.97152166, -0.82 
-0.97134805, -0.83 
-0.97117444, -0.84 
-0.97100083, -0.84 
-0.97082722, -0.85 
-0.97065361, -0.86 
-0.97048000, -0.85 
-0.97030639, -0.86 
-0.97013278, -0.86 
-0.96995917, -0.86 
-0.96978556, -0.87 
-0.96961195, -0.86 
-0.96943834, -0.87 
-0.96926473, -0.87 
-0.96909112, -0.88 
-0.96891751, -0.87 
-0.96874390, -0.88 
-0.96857029, -0.89 
-0.96839668, -0.88 
-0.96822307, -0.88 
-0.96804946, -0.89 
-0.96787585, -0.90 
-0.96770224, -0.89 
-0.96752863, -0.90 
-0.96735502, -0.90 
-0.96718141, -0.90 
-0.96700780, -0.91 
-0.96683419, -0.91 
-0.96666058, -0.92 
-0.96648697, -0.91 
-0.96631336, -0.92 
-0.96613975, -0.92 
-0.96596614, -0.92 
-0.96579253, -0.93 
-0.96561892, -0.94 
-0.96544531, -0.94 
-0.96527170, -0.94 
-0.96509809, -0.95 
-0.96492448, -0.95 
-0.96475087, -0.94 
-0.96457726, -0.95 
-0.96440365, -0.95 
-0.96423004, -0.96 
-0.96405643, -0.95 
-0.96388282, -0.96 
-0.96370921, -0.97 
-0.96353560, -0.97 
-0.96336199, -0.97 
-0.96318838, -0.97 
-0.96301477, -0.98 
-0.96284116, -0.97 
-0.96266755, -0.98 
-0.96249394, -0.98 
-0.96232033, -0.98 
-0.96214672, -0.99 
-0.96197311, -0.98 
-0.96179950, -1.00 
-0.96162589, -1.00 
-0.96145228, -0.99 
-0.96127867, -1.01 
-0.96110506, -1.00 
-0.96093145, -1.01 
-0.96075784, -1.02 
-0.96058423, -1.02 
-0.96041062, -1.01 
-0.96023701, -1.01 
-0.96006340, -1.02 
-0.95988979, -1.03 
-0.95971618, -1.02 
-0.95954257, -1.04 
-0.95936896, -1.02 
-0.95919535, -1.02 
-0.95902174, -1.03 
-0.95884813, -1.04 
-0.95867452, -1.04 
-0.95850091, -1.04 
-0.95832730, -1.05 
-0.95815369, -1.05 
-0.95798008, -1.06 
-0.95780647, -1.05 
-0.95763286, -1.05 
-0.95745925, -1.06 
-0.95728564, -1.06 
-0.95711203, -1.07 
-0.95693842, -1.06 
-0.95676481, -1.06 
-0.95659120, -1.07 
-0.95641759, -1.07 
-0.95624398, -1.08 
-0.95607037, -1.08 
-0.95589676, -1.08 
-0.95572315, -1.08 
-0.95554954, -1.09 
-0.95537593, -1.08 
-0.95520232, -1.09 
-0.95502871, -1.10 
-0.95485510, -1.10 
-0.95468149, -1.10 
-0.95450788, -1.12 
-0.95433427, -1.11 
-0.95416066, -1.11 
-0.95398705, -1.11 
-0.95381344, -1.11 
-0.95363983, -1.12 
-0.95346622, -1.12 
-0.95329261, -1.12 
-0.95311900, -1.13 
-0.95294539, -1.13 
-0.95277178, -1.13 
-0.95259817, -1.13 
-0.95242456, -1.13 
-0.95225095, -1.14 
-0.95207734, -1.14 
-0.95190373, -1.14 
-0.95173012, -1.14 
-0.95155651, -1.15 
-0.95138290, -1.15 
-0.95120929, -1.15 
-0.95103568, -1.15 
-0.95086207, -1.15 
-0.95068846, -1.15 
-0.95051485, -1.15 
-0.95034124, -1.16 
-0.95016763, -1.16 
-0.94999402, -1.17 
-0.94982041, -1.17 
-0.94964680, -1.18 
-0.94947319, -1.18 
-0.94929958, -1.17 
-0.94912597, -1.18 
-0.94895236, -1.19 
-0.94877875, -1.17 
-0.94860514, -1.19 
-0.94843153, -1.19 
-0.94825792, -1.20 
-0.94808431, -1.19 
-0.94791070, -1.19 
-0.94773709, -1.19 
-0.94756348, -1.21 
-0.94738987, -1.20 
-0.94721626, -1.20 
-0.94704265, -1.21 
-0.94686904, -1.22 
-0.94669543, -1.21 
-0.94652182, -1.21 
-0.94634821, -1.22 
-0.94617460, -1.22 
-0.94600099, -1.22 
-0.94582738, -1.22 
-0.94565377, -1.23 
-0.94548016, -1.23 
-0.94530655, -1.23 
-0.94513294, -1.23 
-0.94495933, -1.23 
-0.94478572, -1.23 
-0.94461211, -1.25 
-0.94443850, -1.24 
-0.94426489, -1.25 
-0.94409128, -1.25 
-0.94391767, -1.25 
-0.94374406, -1.26 
-0.94357045, -1.25 
-0.94339684, -1.26 
-0.94322323, -1.25 
-0.94304962, -1.25 
-0.94287601, -1.26 
-0.94270240, -1.26 
-0.94252879, -1.26 
-0.94235518, -1.26 
-0.94218157, -1.27 
-0.94200796, -1.27 
-0.94183435, -1.28 
-0.94166074, -1.28 
-0.94148713, -1.28 
-0.94131352, -1.28 
-0.94113991, -1.28 
-0.94096630, -1.29 
-0.94079269, -1.30 
-0.94061908, -1.29 
-0.94044547, -1.30 
-0.94027186, -1.29 
-0.94009825, -1.29 
-0.93992464, -1.30 
-0.93975103, -1.29 
-0.93957742, -1.30 
-0.93940381, -1.30 
-0.93923020, -1.31 
-0.93905659, -1.31 
-0.93888298, -1.31 
-0.93870937, -1.31 
-0.93853576, -1.31 
-0.93836215, -1.32 
-0.93818854, -1.31 
-0.93801493, -1.31 
-0.93784132, -1.32 
-0.93766771, -1.32 
-0.93749410, -1.33 
-0.93732049, -1.33 
-0.93714688, -1.33 
-0.93697327, -1.33 
-0.93679966, -1.34 
-0.93662605, -1.32 
-0.93645244, -1.33 
-0.93627883, -1.34 
-0.93610522, -1.34 
-0.93593161, -1.34 
-0.93575800, -1.34 
-0.93558439, -1.34 
-0.93541078, -1.36 
-0.93523717, -1.36 
-0.93506356, -1.35 
-0.93488995, -1.35 
-0.93471634, -1.36 
-0.93454273, -1.36 
-0.93436912, -1.35 
-0.93419551, -1.36 
-0.93402190, -1.36 
-0.93384829, -1.35 
-0.93367468, -1.36 
-0.93350107, -1.36 
-0.93332746, -1.37 
-0.93315385, -1.37 
-0.93298024, -1.36 
-0.93280663, -1.37 
-0.93263302, -1.38 
-0.93245941, -1.38 
-0.93228580, -1.38 
-0.93211219, -1.39 
-0.93193858, -1.38 
-0.93176497, -1.39 
-0.93159136, -1.38 
-0.93141775, -1.38 
-0.93124414, -1.39 
-0.93107053, -1.40 
-0.93089692, -1.40 
-0.93072331, -1.38 
-0.93054970, -1.39 
-0.93037609, -1.40 
-0.93020248, -1.41 
-0.93002887, -1.41 
-0.92985526, -1.41 
-0.92968165, -1.41 
-0.92950804, -1.41 
-0.92933443, -1.41 
-0.92916082, -1.41 
-0.92898721, -1.42 
-0.92881360, -1.41 
-0.92863999, -1.41 
-0.92846638, -1.41 
-0.92829277, -1.42 
-0.92811916, -1.42 
-0.92794555, -1.43 
-0.92777194, -1.42 
-0.92759833, -1.42 
-0.92742472, -1.42 
-0.92725111, -1.43 
-0.92707750, -1.43 
-0.92690389, -1.43 
-0.92673028, -1.43 
-0.92655667, -1.44 
-0.92638306, -1.43 
-0.92620945, -1.44 
-0.92603584, -1.44 
-0.92586223, -1.44 
-0.92568862, -1.44 
-0.92551501, -1.45 
-0.92534140, -1.45 
-0.92516779, -1.45 
-0.92499418, -1.45 
-0.92482057, -1.45 
-0.92464696, -1.45 
-0.92447335, -1.45 
-0.92429974, -1.44 
-0.92412613, -1.44 
-0.92395252, -1.45 
-0.92377891, -1.46 
-0.92360530, -1.46 
-0.92343169, -1.45 
-0.92325808, -1.47 
-0.92308447, -1.46 
-0.92291086, -1.47 
-0.92273725, -1.47 
-0.92256364, -1.47 
-0.92239003, -1.46 
-0.92221642, -1.47 
-0.92204281, -1.48 
-0.92186920, -1.47 
-0.92169559, -1.47 
-0.92152198, -1.47 
-0.92134837, -1.47 
-0.92117476, -1.47 
-0.92100115, -1.48 
-0.92082754, -1.48 
-0.92065393, -1.48 
-0.92048032, -1.48 
-0.92030671, -1.49 
-0.92013310, -1.47 
-0.91995949, -1.49 
-0.91978588, -1.49 
-0.91961227, -1.49 
-0.91943866, -1.49 
-0.91926505, -1.49 
-0.91909144, -1.50 
-0.91891783, -1.49 
-0.91874422, -1.50 
-0.91857061, -1.51 
-0.91839700, -1.50 
-0.91822339, -1.50 
-0.91804978, -1.50 
-0.91787617, -1.51 
-0.91770256, -1.51 
-0.91752895, -1.51 
-0.91735534, -1.50 
-0.91718173, -1.50 
-0.91700812, -1.51 
-0.91683451, -1.51 
-0.91666090, -1.52 
-0.91648729, -1.51 
-0.91631368, -1.51 
-0.91614007, -1.51 
-0.91596646, -1.51 
-0.91579285, -1.52 
-0.91561924, -1.52 
-0.91544563, -1.53 
-0.91527202, -1.52 
-0.91509841, -1.52 
-0.91492480, -1.52 
-0.91475119, -1.53 
-0.91457758, -1.52 
-0.91440397, -1.52 
-0.91423036, -1.53 
-0.91405675, -1.53 
-0.91388314, -1.53 
-0.91370953, -1.53 
-0.91353592, -1.53 
-0.91336231, -1.53 
-0.91318870, -1.54 
-0.91301509, -1.53 
-0.91284148, -1.54 
-0.91266787, -1.54 
-0.91249426, -1.54 
-0.91232065, -1.54 
-0.91214704, -1.54 
-0.91197343, -1.54 
-0.91179982, -1.55 
-0.91162621, -1.53 
-0.91145260, -1.54 
-0.91127899, -1.54 
-0.91110538, -1.55 
-0.91093177, -1.55 
-0.91075816, -1.55 
-0.91058455, -1.54 
-0.91041094, -1.54 
-0.91023733, -1.55 
-0.91006372, -1.55 
-0.90989011, -1.55 
-0.90971650, -1.55 
-0.90954289, -1.55 
-0.90936928, -1.55 
-0.90919567, -1.56 
-0.90902206, -1.56 
-0.90884845, -1.56 
-0.90867484, -1.55 
-0.90850123, -1.56 
-0.90832762, -1.56 
-0.90815401, -1.56 
-0.90798040, -1.56 
-0.90780679, -1.56 
-0.90763318, -1.56 
-0.90745957, -1.56 
-0.90728596, -1.56 
-0.90711235, -1.57 
-0.90693874, -1.57 
-0.90676513, -1.56 
-0.90659152, -1.57 
-0.90641791, -1.56 
-0.90624430, -1.57 
-0.90607069, -1.56 
-0.90589708, -1.57 
-0.90572347, -1.57 
-0.90554986, -1.57 
-0.90537625, -1.58 
-0.90520264, -1.57 
-0.90502903, -1.57 
-0.90485542, -1.57 
-0.90468181, -1.58 
-0.90450820, -1.57 
-0.90433459, -1.57 
-0.90416098, -1.58 
-0.90398737, -1.58 
-0.90381376, -1.58 
-0.90364015, -1.58 
-0.90346654, -1.57 
-0.90329293, -1.58 
-0.90311932, -1.57 
-0.90294571, -1.57 
-0.90277210, -1.58 
-0.90259849, -1.58 
-0.90242488, -1.58 
-0.90225127, -1.58 
-0.90207766, -1.58 
-0.90190405, -1.58 
-0.90173044, -1.59 
-0.90155683, -1.58 
-0.90138322, -1.58 
-0.90120961, -1.59 
-0.90103600, -1.58 
-0.90086239, -1.58 
-0.90068878, -1.58 
-0.90051517, -1.58 
-0.90034156, -1.59 
-0.90016795, -1.59 
-0.89999434, -1.58 
-0.89982073, -1.58 
-0.89964712, -1.59 
-0.89947351, -1.59 
-0.89929990, -1.59 
-0.89912629, -1.59 
-0.89895268, -1.59 
-0.89877907, -1.59 
-0.89860546, -1.59 
-0.89843185, -1.59 
-0.89825824, -1.59 
-0.89808463, -1.60 
-0.89791102, -1.60 
-0.89773741, -1.59 
-0.89756380, -1.59 
-0.89739019, -1.59 
-0.89721658, -1.59 
-0.89704297, -1.60 
-0.89686936, -1.60 
-0.89669575, -1.59 
-0.89652214, -1.59 
-0.89634853, -1.59 
-0.89617492, -1.60 
-0.89600131, -1.59 
-0.89582770, -1.59 
-0.89565409, -1.60 
-0.89548048, -1.60 
-0.89530687, -1.60 
-0.89513326, -1.60 
-0.89495965, -1.59 
-0.89478604, -1.59 
-0.89461243, -1.59 
-0.89443882, -1.60 
-0.89426521, -1.60 
-0.89409160, -1.60 
-0.89391799, -1.59 
-0.89374438, -1.60 
-0.89357077, -1.60 
-0.89339716, -1.60 
-0.89322355, -1.60 
-0.89304994, -1.59 
-0.89287633, -1.60 
-0.89270272, -1.60 
-0.89252911, -1.60 
-0.89235550, -1.60 
-0.89218189, -1.60 
-0.89200828, -1.60 
-0.89183467, -1.60 
-0.89166106, -1.59 
-0.89148745, -1.60 
-0.89131384, -1.59 
-0.89114023, -1.60 
-0.89096662, -1.61 
-0.89079301, -1.60 
-0.89061940, -1.60 
-0.89044579, -1.61 
-0.89027218, -1.60 
-0.89009857, -1.60 
-0.88992496, -1.60 
-0.88975135, -1.60 
-0.88957774, -1.60 
-0.88940413, -1.60 
-0.88923052, -1.59 
-0.88905691, -1.61 
-0.88888330, -1.61 
-0.88870969, -1.61 
-0.88853608, -1.60 
-0.88836247, -1.60 
-0.88818886, -1.59 
-0.88801525, -1.59 
-0.88784164, -1.60 
-0.88766803, -1.60 
-0.88749442, -1.60 
-0.88732081, -1.61 
-0.88714720, -1.60 
-0.88697359, -1.61 
-0.88679998, -1.60 
-0.88662637, -1.59 
-0.88645276, -1.60 
-0.88627915, -1.60 
-0.88610554, -1.60 
-0.88593193, -1.60 
-0.88575832, -1.60 
-0.88558471, -1.60 
-0.88541110, -1.59 
-0.88523749, -1.59 
-0.88506388, -1.60 
-0.88489027, -1.60 
-0.88471666, -1.59 
-0.88454305, -1.59 
-0.88436944, -1.59 
-0.88419583, -1.60 
-0.88402222, -1.60 
-0.88384861, -1.60 
-0.88367500, -1.60 
-0.88350139, -1.59 
-0.88332778, -1.59 
-0.88315417, -1.60 
-0.88298056, -1.60 
-0.88280695, -1.60 
-0.88263334, -1.59 
-0.88245973, -1.58 
-0.88228612, -1.59 
-0.88211251, -1.60 
-0.88193890, -1.59 
-0.88176529, -1.59 
-0.88159168, -1.59 
-0.88141807, -1.59 
-0.88124446, -1.59 
-0.88107085, -1.60 
-0.88089724, -1.58 
-0.88072363, -1.60 
-0.88055002, -1.58 
-0.88037641, -1.59 
-0.88020280, -1.59 
-0.88002919, -1.59 
-0.87985558, -1.59 
-0.87968197, -1.60 
-0.87950836, -1.57 
-0.87933475, -1.59 
-0.87916114, -1.58 
-0.87898753, -1.58 
-0.87881392, -1.58 
-0.87864031, -1.58 
-0.87846670, -1.58 
-0.87829309, -1.58 
-0.87811948, -1.59 
-0.87794587, -1.58 
-0.87777226, -1.59 
-0.87759865, -1.58 
-0.87742504, -1.58 
-0.87725143, -1.57 
-0.87707782, -1.58 
-0.87690421, -1.58 
-0.87673060, -1.59 
-0.87655699, -1.57 
-0.87638338, -1.57 
-0.87620977, -1.57 
-0.87603616, -1.57 
-0.87586255, -1.57 
-0.87568894, -1.58 
-0.87551533, -1.57 
-0.87534172, -1.57 
-0.87516811, -1.56 
-0.87499450, -1.56 
-0.87482089, -1.57 
-0.87464728, -1.57 
-0.87447367, -1.57 
-0.87430006, -1.57 
-0.87412645, -1.57 
-0.87395284, -1.58 
-0.87377923, -1.57 
-0.87360562, -1.56 
-0.87343201, -1.56 
-0.87325840, -1.56 
-0.87308479, -1.57 
-0.87291118, -1.56 
-0.87273757, -1.56 
-0.87256396, -1.57 
-0.87239035, -1.56 
-0.87221674, -1.56 
-0.87204313, -1.55 
-0.87186952, -1.56 
-0.87169591, -1.55 
-0.87152230, -1.56 
-0.87134869, -1.56 
-0.87117508, -1.56 
-0.87100147, -1.56 
-0.87082786, -1.56 
-0.87065425, -1.56 
-0.87048064, -1.54 
-0.87030703, -1.55 
-0.87013342, -1.55 
-0.86995981, -1.56 
-0.86978620, -1.56 
-0.86961259, -1.55 
-0.86943898, -1.55 
-0.86926537, -1.54 
-0.86909176, -1.55 
-0.86891815, -1.55 
-0.86874454, -1.55 
-0.86857093, -1.55 
-0.86839732, -1.54 
-0.86822371, -1.54 
-0.86805010, -1.55 
-0.86787649, -1.54 
-0.86770288, -1.53 
-0.86752927, -1.54 
-0.86735566, -1.53 
-0.86718205, -1.53 
-0.86700844, -1.53 
-0.86683483, -1.55 
-0.86666122, -1.53 
-0.86648761, -1.53 
-0.86631400, -1.54 
-0.86614039, -1.52 
-0.86596678, -1.52 
-0.86579317, -1.53 
-0.86561956, -1.53 
-0.86544595, -1.53 
-0.86527234, -1.52 
-0.86509873, -1.52 
-0.86492512, -1.52 
-0.86475151, -1.52 
-0.86457790, -1.53 
-0.86440429, -1.51 
-0.86423068, -1.51 
-0.86405707, -1.51 
-0.86388346, -1.52 
-0.86370985, -1.51 
-0.86353624, -1.52 
-0.86336263, -1.51 
-0.86318902, -1.52 
-0.86301541, -1.50 
-0.86284180, -1.51 
-0.86266819, -1.51 
-0.86249458, -1.51 
-0.86232097, -1.50 
-0.86214736, -1.50 
-0.86197375, -1.50 
-0.86180014, -1.50 
-0.86162653, -1.49 
-0.86145292, -1.49 
-0.86127931, -1.49 
-0.86110570, -1.49 
-0.86093209, -1.50 
-0.86075848, -1.49 
-0.86058487, -1.49 
-0.86041126, -1.49 
-0.86023765, -1.49 
-0.86006404, -1.48 
-0.85989043, -1.48 
-0.85971682, -1.48 
-0.85954321, -1.48 
-0.85936960, -1.48 
-0.85919599, -1.47 
-0.85902238, -1.48 
-0.85884877, -1.47 
-0.85867516, -1.46 
-0.85850155, -1.47 
-0.85832794, -1.47 
-0.85815433, -1.47 
-0.85798072, -1.47 
-0.85780711, -1.47 
-0.85763350, -1.47 
-0.85745989, -1.47 
-0.85728628, -1.46 
-0.85711267, -1.47 
-0.85693906, -1.47 
-0.85676545, -1.46 
-0.85659184, -1.45 
-0.85641823, -1.46 
-0.85624462, -1.46 
-0.85607101, -1.46 
-0.85589740, -1.46 
-0.85572379, -1.45 
-0.85555018, -1.44 
-0.85537657, -1.46 
-0.85520296, -1.45 
-0.85502935, -1.45 
-0.85485574, -1.44 
-0.85468213, -1.45 
-0.85450852, -1.44 
-0.85433491, -1.44 
-0.85416130, -1.44 
-0.85398769, -1.44 
-0.85381408, -1.44 
-0.85364047, -1.43 
-0.85346686, -1.44 
-0.85329325, -1.43 
-0.85311964, -1.43 
-0.85294603, -1.42 
-0.85277242, -1.43 
-0.85259881, -1.42 
-0.85242520, -1.43 
-0.85225159, -1.42 
-0.85207798, -1.42 
-0.85190437, -1.42 
-0.85173076, -1.42 
-0.85155715, -1.42 
-0.85138354, -1.41 
-0.85120993, -1.41 
-0.85103632, -1.41 
-0.85086271, -1.41 
-0.85068910, -1.41 
-0.85051549, -1.40 
-0.85034188, -1.40 
-0.85016827, -1.40 
-0.84999466, -1.40 
-0.84982105, -1.40 
-0.84964744, -1.40 
-0.84947383, -1.40 
-0.84930022, -1.39 
-0.84912661, -1.39 
-0.84895300, -1.39 
-0.84877939, -1.40 
-0.84860578, -1.39 
-0.84843217, -1.38 
-0.84825856, -1.38 
-0.84808495, -1.39 
-0.84791134, -1.38 
-0.84773773, -1.37 
-0.84756412, -1.38 
-0.84739051, -1.37 
-0.84721690, -1.37 
-0.84704329, -1.38 
-0.84686968, -1.37 
-0.84669607, -1.37 
-0.84652246, -1.36 
-0.84634885, -1.36 
-0.84617524, -1.36 
-0.84600163, -1.36 
-0.84582802, -1.35 
-0.84565441, -1.35 
-0.84548080, -1.35 
-0.84530719, -1.35 
-0.84513358, -1.36 
-0.84495997, -1.35 
-0.84478636, -1.35 
-0.84461275, -1.34 
-0.84443914, -1.34 
-0.84426553, -1.33 
-0.84409192, -1.34 
-0.84391831, -1.34 
-0.84374470, -1.33 
-0.84357109, -1.33 
-0.84339748, -1.33 
-0.84322387, -1.33 
-0.84305026, -1.33 
-0.84287665, -1.33 
-0.84270304, -1.32 
-0.84252943, -1.32 
-0.84235582, -1.32 
-0.84218221, -1.32 
-0.84200860, -1.32 
-0.84183499, -1.31 
-0.84166138, -1.30 
-0.84148777, -1.30 
-0.84131416, -1.31 
-0.84114055, -1.31 
-0.84096694, -1.30 
-0.84079333, -1.29 
-0.84061972, -1.30 
-0.84044611, -1.30 
-0.84027250, -1.30 
-0.84009889, -1.30 
-0.83992528, -1.29 
-0.83975167, -1.29 
-0.83957806, -1.29 
-0.83940445, -1.28 
-0.83923084, -1.28 
-0.83905723, -1.28 
-0.83888362, -1.28 
-0.83871001, -1.28 
-0.83853640, -1.28 
-0.83836279, -1.27 
-0.83818918, -1.27 
-0.83801557, -1.27 
-0.83784196, -1.27 
-0.83766835, -1.27 
-0.83749474, -1.27 
-0.83732113, -1.27 
-0.83714752, -1.26 
-0.83697391, -1.25 
-0.83680030, -1.25 
-0.83662669, -1.25 
-0.83645308, -1.25 
-0.83627947, -1.25 
-0.83610586, -1.26 
-0.83593225, -1.24 
-0.83575864, -1.24 
-0.83558503, -1.24 
-0.83541142, -1.24 
-0.83523781, -1.23 
-0.83506420, -1.24 
-0.83489059, -1.24 
-0.83471698, -1.23 
-0.83454337, -1.22 
-0.83436976, -1.22 
-0.83419615, -1.23 
-0.83402254, -1.22 
-0.83384893, -1.22 
-0.83367532, -1.21 
-0.83350171, -1.21 
-0.83332810, -1.22 
-0.83315449, -1.21 
-0.83298088, -1.21 
-0.83280727, -1.19 
-0.83263366, -1.20 
-0.83246005, -1.20 
-0.83228644, -1.20 
-0.83211283, -1.20 
-0.83193922, -1.19 
-0.83176561, -1.18 
-0.83159200, -1.18 
-0.83141839, -1.18 
-0.83124478, -1.17 
-0.83107117, -1.18 
-0.83089756, -1.18 
-0.83072395, -1.17 
-0.83055034, -1.17 
-0.83037673, -1.16 
-0.83020312, -1.16 
-0.83002951, -1.16 
-0.82985590, -1.17 
-0.82968229, -1.16 
-0.82950868, -1.17 
-0.82933507, -1.16 
-0.82916146, -1.15 
-0.82898785, -1.15 
-0.82881424, -1.15 
-0.82864063, -1.14 
-0.82846702, -1.14 
-0.82829341, -1.13 
-0.82811980, -1.14 
-0.82794619, -1.13 
-0.82777258, -1.13 
-0.82759897, -1.13 
-0.82742536, -1.13 
-0.82725175, -1.12 
-0.82707814, -1.12 
-0.82690453, -1.12 
-0.82673092, -1.12 
-0.82655731, -1.12 
-0.82638370, -1.12 
-0.82621009, -1.12 
-0.82603648, -1.11 
-0.82586287, -1.10 
-0.82568926, -1.11 
-0.82551565, -1.10 
-0.82534204, -1.10 
-0.82516843, -1.10 
-0.82499482, -1.09 
-0.82482121, -1.09 
-0.82464760, -1.09 
-0.82447399, -1.09 
-0.82430038, -1.08 
-0.82412677, -1.08 
-0.82395316, -1.07 
-0.82377955, -1.07 
-0.82360594, -1.07 
-0.82343233, -1.06 
-0.82325872, -1.07 
-0.82308511, -1.06 
-0.82291150, -1.07 
-0.82273789, -1.06 
-0.82256428, -1.06 
-0.82239067, -1.05 
-0.82221706, -1.06 
-0.82204345, -1.05 
-0.82186984, -1.04 
-0.82169623, -1.04 
-0.82152262, -1.04 
-0.82134901, -1.04 
-0.82117540, -1.04 
-0.82100179, -1.03 
-0.82082818, -1.03 
-0.82065457, -1.03 
-0.82048096, -1.02 
-0.82030735, -1.02 
-0.82013374, -1.01 
-0.81996013, -1.01 
-0.81978652, -1.02 
-0.81961291, -1.01 
-0.81943930, -1.01 
-0.81926569, -1.01 
-0.81909208, -1.00 
-0.81891847, -1.00 
-0.81874486, -0.99 
-0.81857125, -1.00 
-0.81839764, -0.99 
-0.81822403, -0.99 
-0.81805042, -0.99 
-0.81787681, -0.98 
-0.81770320, -0.98 
-0.81752959, -0.98 
-0.81735598, -0.97 
-0.81718237, -0.98 
-0.81700876, -0.97 
-0.81683515, -0.98 
-0.81666154, -0.96 
-0.81648793, -0.96 
-0.81631432, -0.95 
-0.81614071, -0.95 
-0.81596710, -0.95 
-0.81579349, -0.94 
-0.81561988, -0.95 
-0.81544627, -0.95 
-0.81527266, -0.94 
-0.81509905, -0.94 
-0.81492544, -0.94 
-0.81475183, -0.94 
-0.81457822, -0.93 
-0.81440461, -0.93 
-0.81423100, -0.92 
-0.81405739, -0.92 
-0.81388378, -0.92 
-0.81371017, -0.91 
-0.81353656, -0.91 
-0.81336295, -0.91 
-0.81318934, -0.91 
-0.81301573, -0.91 
-0.81284212, -0.90 
-0.81266851, -0.90 
-0.81249490, -0.89 
-0.81232129, -0.90 
-0.81214768, -0.88 
-0.81197407, -0.89 
-0.81180046, -0.89 
-0.81162685, -0.89 
-0.81145324, -0.88 
-0.81127963, -0.87 
-0.81110602, -0.88 
-0.81093241, -0.87 
-0.81075880, -0.87 
-0.81058519, -0.86 
-0.81041158, -0.86 
-0.81023797, -0.86 
-0.81006436, -0.87 
-0.80989075, -0.85 
-0.80971714, -0.84 
-0.80954353, -0.84 
-0.80936992, -0.83 
-0.80919631, -0.85 
-0.80902270, -0.83 
-0.80884909, -0.83 
-0.80867548, -0.83 
-0.80850187, -0.83 
-0.80832826, -0.82 
-0.80815465, -0.83 
-0.80798104, -0.82 
-0.80780743, -0.82 
-0.80763382, -0.82 
-0.80746021, -0.81 
-0.80728660, -0.81 
-0.80711299, -0.80 
-0.80693938, -0.79 
-0.80676577, -0.80 
-0.80659216, -0.80 
-0.80641855, -0.79 
-0.80624494, -0.79 
-0.80607133, -0.79 
-0.80589772, -0.79 
-0.80572411, -0.78 
-0.80555050, -0.78 
-0.80537689, -0.78 
-0.80520328, -0.77 
-0.80502967, -0.77 
-0.80485606, -0.77 
-0.80468245, -0.76 
-0.80450884, -0.76 
-0.80433523, -0.75 
-0.80416162, -0.75 
-0.80398801, -0.75 
-0.80381440, -0.75 
-0.80364079, -0.74 
-0.80346718, -0.74 
-0.80329357, -0.74 
-0.80311996, -0.73 
-0.80294635, -0.73 
-0.80277274, -0.73 
-0.80259913, -0.72 
-0.80242552, -0.71 
-0.80225191, -0.71 
-0.80207830, -0.72 
-0.80190469, -0.71 
-0.80173108, -0.71 
-0.80155747, -0.70 
-0.80138386, -0.70 
-0.80121025, -0.69 
-0.80103664, -0.69 
-0.80086303, -0.70 
-0.80068942, -0.69 
-0.80051581, -0.69 
-0.80034220, -0.68 
-0.80016859, -0.69 
-0.79999498, -0.68 
-0.79982137, -0.68 
-0.79964776, -0.68 
-0.79947415, -0.67 
-0.79930054, -0.65 
-0.79912693, -0.66 
-0.79895332, -0.66 
-0.79877971, -0.65 
-0.79860610, -0.66 
-0.79843249, -0.65 
-0.79825888, -0.65 
-0.79808527, -0.65 
-0.79791166, -0.64 
-0.79773805, -0.63 
-0.79756444, -0.64 
-0.79739083, -0.63 
-0.79721722, -0.63 
-0.79704361, -0.62 
-0.79687000, -0.63 
-0.79669639, -0.62 
-0.79652278, -0.62 
-0.79634917, -0.61 
-0.79617556, -0.60 
-0.79600195, -0.61 
-0.79582834, -0.61 
-0.79565473, -0.60 
-0.79548112, -0.59 
-0.79530751, -0.59 
-0.79513390, -0.59 
-0.79496029, -0.59 
-0.79478668, -0.60 
-0.79461307, -0.57 
-0.79443946, -0.58 
-0.79426585, -0.58 
-0.79409224, -0.56 
-0.79391863, -0.58 
-0.79374502, -0.56 
-0.79357141, -0.56 
-0.79339780, -0.55 
-0.79322419, -0.55 
-0.79305058, -0.54 
-0.79287697, -0.55 
-0.79270336, -0.55 
-0.79252975, -0.53 
-0.79235614, -0.53 
-0.79218253, -0.54 
-0.79200892, -0.52 
-0.79183531, -0.52 
-0.79166170, -0.52 
-0.79148809, -0.51 
-0.79131448, -0.52 
-0.79114087, -0.51 
-0.79096726, -0.51 
-0.79079365, -0.50 
-0.79062004, -0.51 
-0.79044643, -0.50 
-0.79027282, -0.49 
-0.79009921, -0.49 
-0.78992560, -0.49 
-0.78975199, -0.49 
-0.78957838, -0.49 
-0.78940477, -0.47 
-0.78923116, -0.47 
-0.78905755, -0.47 
-0.78888394, -0.47 
-0.78871033, -0.47 
-0.78853672, -0.46 
-0.78836311, -0.46 
-0.78818950, -0.45 
-0.78801589, -0.46 
-0.78784228, -0.45 
-0.78766867, -0.45 
-0.78749506, -0.44 
-0.78732145, -0.44 
-0.78714784, -0.44 
-0.78697423, -0.43 
-0.78680062, -0.43 
-0.78662701, -0.43 
-0.78645340, -0.42 
-0.78627979, -0.43 
-0.78610618, -0.41 
-0.78593257, -0.42 
-0.78575896, -0.40 
-0.78558535, -0.41 
-0.78541174, -0.40 
-0.78523813, -0.40 
-0.78506452, -0.39 
-0.78489091, -0.39 
-0.78471730, -0.39 
-0.78454369, -0.39 
-0.78437008, -0.38 
-0.78419647, -0.38 
-0.78402286, -0.38 
-0.78384925, -0.38 
-0.78367564, -0.37 
-0.78350203, -0.37 
-0.78332842, -0.36 
-0.78315481, -0.35 
-0.78298120, -0.35 
-0.78280759, -0.35 
-0.78263398, -0.35 
-0.78246037, -0.34 
-0.78228676, -0.34 
-0.78211315, -0.34 
-0.78193954, -0.34 
-0.78176593, -0.33 
-0.78159232, -0.33 
-0.78141871, -0.32 
-0.78124510, -0.32 
-0.78107149, -0.32 
-0.78089788, -0.31 
-0.78072427, -0.32 
-0.78055066, -0.31 
-0.78037705, -0.29 
-0.78020344, -0.30 
-0.78002983, -0.29 
-0.77985622, -0.30 
-0.77968261, -0.28 
-0.77950900, -0.29 
-0.77933539, -0.27 
-0.77916178, -0.29 
-0.77898817, -0.28 
-0.77881456, -0.28 
-0.77864095, -0.26 
-0.77846734, -0.27 
-0.77829373, -0.27 
-0.77812012, -0.26 
-0.77794651, -0.25 
-0.77777290, -0.25 
-0.77759929, -0.26 
-0.77742568, -0.24 
-0.77725207, -0.25 
-0.77707846, -0.24 
-0.77690485, -0.24 
-0.77673124, -0.24 
-0.77655763, -0.23 
-0.77638402, -0.23 
-0.77621041, -0.22 
-0.77603680, -0.23 
-0.77586319, -0.21 
-0.77568958, -0.21 
-0.77551597, -0.21 
-0.77534236, -0.20 
-0.77516875, -0.19 
-0.77499514, -0.19 
-0.77482153, -0.20 
-0.77464792, -0.19 
-0.77447431, -0.17 
-0.77430070, -0.18 
-0.77412709, -0.18 
-0.77395348, -0.17 
-0.77377987, -0.18 
-0.77360626, -0.17 
-0.77343265, -0.17 
-0.77325904, -0.17 
-0.77308543, -0.16 
-0.77291182, -0.15 
-0.77273821, -0.14 
-0.77256460, -0.15 
-0.77239099, -0.14 
-0.77221738, -0.14 
-0.77204377, -0.14 
-0.77187016, -0.14 
-0.77169655, -0.13 
-0.77152294, -0.13 
-0.77134933, -0.12 
-0.77117572, -0.13 
-0.77100211, -0.12 
-0.77082850, -0.11 
-0.77065489, -0.10 
-0.77048128, -0.10 
-0.77030767, -0.10 
-0.77013406, -0.10 
-0.76996045, -0.09 
-0.76978684, -0.10 
-0.76961323, -0.10 
-0.76943962, -0.08 
-0.76926601, -0.09 
-0.76909240, -0.09 
-0.76891879, -0.08 
-0.76874518, -0.07 
-0.76857157, -0.07 
-0.76839796, -0.07 
-0.76822435, -0.06 
-0.76805074, -0.06 
-0.76787713, -0.05 
-0.76770352, -0.05 
-0.76752991, -0.05 
-0.76735630, -0.05 
-0.76718269, -0.04 
-0.76700908, -0.04 
-0.76683547, -0.03 
-0.76666186, -0.03 
-0.76648825, -0.03 
-0.76631464, -0.02 
-0.76614103, -0.02 
-0.76596742, -0.02 
-0.76579381, -0.01 
-0.76562020, -0.01 
-0.76544659, -0.01 
-0.76527298, -0.01 
-0.76509937,  0.00 
-0.76492576,  0.01 
-0.76475215,  0.01 
-0.76457854,  0.02 
-0.76440493,  0.02 
-0.76423132,  0.03 
-0.76405771,  0.02 
-0.76388410,  0.02 
-0.76371049,  0.03 
-0.76353688,  0.03 
-0.76336327,  0.03 
-0.76318966,  0.04 
-0.76301605,  0.04 
-0.76284244,  0.05 
-0.76266883,  0.05 
-0.76249522,  0.06 
-0.76232161,  0.05 
-0.76214800,  0.06 
-0.76197439,  0.07 
-0.76180078,  0.08 
-0.76162717,  0.07 
-0.76145356,  0.08 
-0.76127995,  0.09 
-0.76110634,  0.08 
-0.76093273,  0.09 
-0.76075912,  0.09 
-0.76058551,  0.10 
-0.76041190,  0.09 
-0.76023829,  0.11 
-0.76006468,  0.10 
-0.75989107,  0.10 
-0.75971746,  0.11 
-0.75954385,  0.11 
-0.75937024,  0.12 
-0.75919663,  0.12 
-0.75902302,  0.13 
-0.75884941,  0.14 
-0.75867580,  0.13 
-0.75850219,  0.13 
-0.75832858,  0.14 
-0.75815497,  0.14 
-0.75798136,  0.14 
-0.75780775,  0.15 
-0.75763414,  0.16 
-0.75746053,  0.15 
-0.75728692,  0.16 
-0.75711331,  0.16 
-0.75693970,  0.16 
-0.75676609,  0.17 
-0.75659248,  0.18 
-0.75641887,  0.18 
-0.75624526,  0.18 
-0.75607165,  0.18 
-0.75589804,  0.19 
-0.75572443,  0.19 
-0.75555082,  0.20 
-0.75537721,  0.20 
-0.75520360,  0.20 
-0.75502999,  0.20 
-0.75485638,  0.22 
-0.75468277,  0.21 
-0.75450916,  0.21 
-0.75433555,  0.22 
-0.75416194,  0.22 
-0.75398833,  0.21 
-0.75381472,  0.23 
-0.75364111,  0.23 
-0.75346750,  0.24 
-0.75329389,  0.23 
-0.75312028,  0.24 
-0.75294667,  0.24 
-0.75277306,  0.25 
-0.75259945,  0.25 
-0.75242584,  0.26 
-0.75225223,  0.25 
-0.75207862,  0.27 
-0.75190501,  0.27 
-0.75173140,  0.27 
-0.75155779,  0.27 
-0.75138418,  0.28 
-0.75121057,  0.28 
-0.75103696,  0.29 
-0.75086335,  0.29 
-0.75068974,  0.29 
-0.75051613,  0.29 
-0.75034252,  0.30 
-0.75016891,  0.31 
-0.74999530,  0.31 
-0.74982169,  0.31 
-0.74964808,  0.32 
-0.74947447,  0.31 
-0.74930086,  0.32 
-0.74912725,  0.32 
-0.74895364,  0.32 
-0.74878003,  0.33 
-0.74860642,  0.34 
-0.74843281,  0.34 
-0.74825920,  0.34 
-0.74808559,  0.35 
-0.74791198,  0.35 
-0.74773837,  0.35 
-0.74756476,  0.35 
-0.74739115,  0.35 
-0.74721754,  0.36 
-0.74704393,  0.36 
-0.74687032,  0.36 
-0.74669671,  0.37 
-0.74652310,  0.37 
-0.74634949,  0.38 
-0.74617588,  0.37 
-0.74600227,  0.38 
-0.74582866,  0.39 
-0.74565505,  0.39 
-0.74548144,  0.39 
-0.74530783,  0.40 
-0.74513422,  0.40 
-0.74496061,  0.40 
-0.74478700,  0.41 
-0.74461339,  0.41 
-0.74443978,  0.42 
-0.74426617,  0.41 
-0.74409256,  0.42 
-0.74391895,  0.42 
-0.74374534,  0.42 
-0.74357173,  0.43 
-0.74339812,  0.44 
-0.74322451,  0.43 
-0.74305090,  0.44 
-0.74287729,  0.44 
-0.74270368,  0.44 
-0.74253007,  0.45 
-0.74235646,  0.45 
-0.74218285,  0.46 
-0.74200924,  0.46 
-0.74183563,  0.46 
-0.74166202,  0.47 
-0.74148841,  0.47 
-0.74131480,  0.47 
-0.74114119,  0.48 
-0.74096758,  0.48 
-0.74079397,  0.49 
-0.74062036,  0.49 
-0.74044675,  0.49 
-0.74027314,  0.48 
-0.74009953,  0.50 
-0.73992592,  0.49 
-0.73975231,  0.49 
-0.73957870,  0.51 
-0.73940509,  0.51 
-0.73923148,  0.51 
-0.73905787,  0.52 
-0.73888426,  0.52 
-0.73871065,  0.53 
-0.73853704,  0.53 
-0.73836343,  0.52 
-0.73818982,  0.53 
-0.73801621,  0.55 
-0.73784260,  0.54 
-0.73766899,  0.54 
-0.73749538,  0.54 
-0.73732177,  0.55 
-0.73714816,  0.56 
-0.73697455,  0.56 
-0.73680094,  0.55 
-0.73662733,  0.56 
-0.73645372,  0.56 
-0.73628011,  0.56 
-0.73610650,  0.57 
-0.73593289,  0.57 
-0.73575928,  0.58 
-0.73558567,  0.58 
-0.73541206,  0.59 
-0.73523845,  0.59 
-0.73506484,  0.58 
-0.73489123,  0.59 
-0.73471762,  0.60 
-0.73454401,  0.61 
-0.73437040,  0.61 
-0.73419679,  0.61 
-0.73402318,  0.62 
-0.73384957,  0.61 
-0.73367596,  0.62 
-0.73350235,  0.62 
-0.73332874,  0.62 
-0.73315513,  0.63 
-0.73298152,  0.64 
-0.73280791,  0.63 
-0.73263430,  0.63 
-0.73246069,  0.63 
-0.73228708,  0.64 
-0.73211347,  0.64 
-0.73193986,  0.65 
-0.73176625,  0.66 
-0.73159264,  0.65 
-0.73141903,  0.66 
-0.73124542,  0.66 
-0.73107181,  0.66 
-0.73089820,  0.67 
-0.73072459,  0.66 
-0.73055098,  0.68 
-0.73037737,  0.68 
-0.73020376,  0.68 
-0.73003015,  0.68 
-0.72985654,  0.69 
-0.72968293,  0.69 
-0.72950932,  0.70 
-0.72933571,  0.70 
-0.72916210,  0.70 
-0.72898849,  0.70 
-0.72881488,  0.71 
-0.72864127,  0.72 
-0.72846766,  0.72 
-0.72829405,  0.71 
-0.72812044,  0.72 
-0.72794683,  0.72 
-0.72777322,  0.71 
-0.72759961,  0.73 
-0.72742600,  0.73 
-0.72725239,  0.74 
-0.72707878,  0.74 
-0.72690517,  0.73 
-0.72673156,  0.75 
-0.72655795,  0.74 
-0.72638434,  0.75 
-0.72621073,  0.75 
-0.72603712,  0.75 
-0.72586351,  0.77 
-0.72568990,  0.76 
-0.72551629,  0.77 
-0.72534268,  0.76 
-0.72516907,  0.77 
-0.72499546,  0.78 
-0.72482185,  0.78 
-0.72464824,  0.78 
-0.72447463,  0.79 
-0.72430102,  0.79 
-0.72412741,  0.79 
-0.72395380,  0.80 
-0.72378019,  0.80 
-0.72360658,  0.80 
-0.72343297,  0.80 
-0.72325936,  0.81 
-0.72308575,  0.81 
-0.72291214,  0.81 
-0.72273853,  0.81 
-0.72256492,  0.81 
-0.72239131,  0.82 
-0.72221770,  0.82 
-0.72204409,  0.82 
-0.72187048,  0.82 
-0.72169687,  0.83 
-0.72152326,  0.84 
-0.72134965,  0.84 
-0.72117604,  0.83 
-0.72100243,  0.85 
-0.72082882,  0.84 
-0.72065521,  0.85 
-0.72048160,  0.86 
-0.72030799,  0.86 
-0.72013438,  0.86 
-0.71996077,  0.87 
-0.71978716,  0.87 
-0.71961355,  0.86 
-0.71943994,  0.87 
-0.71926633,  0.88 
-0.71909272,  0.88 
-0.71891911,  0.88 
-0.71874550,  0.88 
-0.71857189,  0.89 
-0.71839828,  0.89 
-0.71822467,  0.89 
-0.71805106,  0.88 
-0.71787745,  0.90 
-0.71770384,  0.90 
-0.71753023,  0.91 
-0.71735662,  0.91 
-0.71718301,  0.90 
-0.71700940,  0.91 
-0.71683579,  0.92 
-0.71666218,  0.92 
-0.71648857,  0.91 
-0.71631496,  0.91 
-0.71614135,  0.93 
-0.71596774,  0.93 
-0.71579413,  0.93 
-0.71562052,  0.93 
-0.71544691,  0.94 
-0.71527330,  0.94 
-0.71509969,  0.94 
-0.71492608,  0.94 
-0.71475247,  0.94 
-0.71457886,  0.95 
-0.71440525,  0.95 
-0.71423164,  0.96 
-0.71405803,  0.96 
-0.71388442,  0.97 
-0.71371081,  0.97 
-0.71353720,  0.97 
-0.71336359,  0.97 
-0.71318998,  0.97 
-0.71301637,  0.98 
-0.71284276,  0.98 
-0.71266915,  0.99 
-0.71249554,  0.98 
-0.71232193,  0.99 
-0.71214832,  1.00 
-0.71197471,  0.99 
-0.71180110,  0.99 
-0.71162749,  0.99 
-0.71145388,  1.01 
-0.71128027,  1.01 
-0.71110666,  1.01 
-0.71093305,  1.01 
-0.71075944,  1.01 
-0.71058583,  1.02 
-0.71041222,  1.03 
-0.71023861,  1.02 
-0.71006500,  1.03 
-0.70989139,  1.04 
-0.70971778,  1.03 
-0.70954417,  1.03 
-0.70937056,  1.03 
-0.70919695,  1.04 
-0.70902334,  1.03 
-0.70884973,  1.04 
-0.70867612,  1.05 
-0.70850251,  1.05 
-0.70832890,  1.04 
-0.70815529,  1.05 
-0.70798168,  1.06 
-0.70780807,  1.06 
-0.70763446,  1.07 
-0.70746085,  1.07 
-0.70728724,  1.07 
-0.70711363,  1.07 
-0.70694002,  1.07 
-0.70676641,  1.07 
-0.70659280,  1.08 
-0.70641919,  1.08 
-0.70624558,  1.09 
-0.70607197,  1.09 
-0.70589836,  1.08 
-0.70572475,  1.09 
-0.70555114,  1.09 
-0.70537753,  1.09 
-0.70520392,  1.10 
-0.70503031,  1.10 
-0.70485670,  1.10 
-0.70468309,  1.10 
-0.70450948,  1.10 
-0.70433587,  1.10 
-0.70416226,  1.12 
-0.70398865,  1.11 
-0.70381504,  1.11 
-0.70364143,  1.12 
-0.70346782,  1.12 
-0.70329421,  1.11 
-0.70312060,  1.12 
-0.70294699,  1.14 
-0.70277338,  1.13 
-0.70259977,  1.13 
-0.70242616,  1.14 
-0.70225255,  1.14 
-0.70207894,  1.14 
-0.70190533,  1.14 
-0.70173172,  1.16 
-0.70155811,  1.14 
-0.70138450,  1.15 
-0.70121089,  1.15 
-0.70103728,  1.15 
-0.70086367,  1.16 
-0.70069006,  1.16 
-0.70051645,  1.15 
-0.70034284,  1.16 
-0.70016923,  1.16 
-0.69999562,  1.17 
-0.69982201,  1.17 
-0.69964840,  1.17 
-0.69947479,  1.18 
-0.69930118,  1.18 
-0.69912757,  1.18 
-0.69895396,  1.18 
-0.69878035,  1.19 
-0.69860674,  1.18 
-0.69843313,  1.19 
-0.69825952,  1.19 
-0.69808591,  1.19 
-0.69791230,  1.19 
-0.69773869,  1.20 
-0.69756508,  1.20 
-0.69739147,  1.21 
-0.69721786,  1.21 
-0.69704425,  1.20 
-0.69687064,  1.21 
-0.69669703,  1.22 
-0.69652342,  1.22 
-0.69634981,  1.21 
-0.69617620,  1.21 
-0.69600259,  1.22 
-0.69582898,  1.23 
-0.69565537,  1.22 
-0.69548176,  1.23 
-0.69530815,  1.24 
-0.69513454,  1.24 
-0.69496093,  1.24 
-0.69478732,  1.24 
-0.69461371,  1.25 
-0.69444010,  1.25 
-0.69426649,  1.24 
-0.69409288,  1.24 
-0.69391927,  1.25 
-0.69374566,  1.24 
-0.69357205,  1.25 
-0.69339844,  1.26 
-0.69322483,  1.26 
-0.69305122,  1.26 
-0.69287761,  1.26 
-0.69270400,  1.27 
-0.69253039,  1.26 
-0.69235678,  1.27 
-0.69218317,  1.27 
-0.69200956,  1.28 
-0.69183595,  1.27 
-0.69166234,  1.28 
-0.69148873,  1.28 
-0.69131512,  1.28 
-0.69114151,  1.29 
-0.69096790,  1.29 
-0.69079429,  1.29 
-0.69062068,  1.29 
-0.69044707,  1.29 
-0.69027346,  1.29 
-0.69009985,  1.30 
-0.68992624,  1.30 
-0.68975263,  1.30 
-0.68957902,  1.30 
-0.68940541,  1.30 
-0.68923180,  1.30 
-0.68905819,  1.30 
-0.68888458,  1.31 
-0.68871097,  1.31 
-0.68853736,  1.31 
-0.68836375,  1.32 
-0.68819014,  1.31 
-0.68801653,  1.31 
-0.68784292,  1.33 
-0.68766931,  1.33 
-0.68749570,  1.33 
-0.68732209,  1.32 
-0.68714848,  1.32 
-0.68697487,  1.33 
-0.68680126,  1.34 
-0.68662765,  1.33 
-0.68645404,  1.34 
-0.68628043,  1.34 
-0.68610682,  1.35 
-0.68593321,  1.34 
-0.68575960,  1.34 
-0.68558599,  1.35 
-0.68541238,  1.35 
-0.68523877,  1.35 
-0.68506516,  1.36 
-0.68489155,  1.35 
-0.68471794,  1.36 
-0.68454433,  1.36 
-0.68437072,  1.37 
-0.68419711,  1.36 
-0.68402350,  1.35 
-0.68384989,  1.36 
-0.68367628,  1.37 
-0.68350267,  1.37 
-0.68332906,  1.37 
-0.68315545,  1.37 
-0.68298184,  1.37 
-0.68280823,  1.38 
-0.68263462,  1.37 
-0.68246101,  1.38 
-0.68228740,  1.38 
-0.68211379,  1.39 
-0.68194018,  1.39 
-0.68176657,  1.39 
-0.68159296,  1.39 
-0.68141935,  1.39 
-0.68124574,  1.40 
-0.68107213,  1.39 
-0.68089852,  1.40 
-0.68072491,  1.39 
-0.68055130,  1.40 
-0.68037769,  1.40 
-0.68020408,  1.40 
-0.68003047,  1.40 
-0.67985686,  1.40 
-0.67968325,  1.40 
-0.67950964,  1.40 
-0.67933603,  1.41 
-0.67916242,  1.42 
-0.67898881,  1.42 
-0.67881520,  1.41 
-0.67864159,  1.41 
-0.67846798,  1.42 
-0.67829437,  1.42 
-0.67812076,  1.43 
-0.67794715,  1.43 
-0.67777354,  1.43 
-0.67759993,  1.43 
-0.67742632,  1.43 
-0.67725271,  1.42 
-0.67707910,  1.43 
-0.67690549,  1.44 
-0.67673188,  1.44 
-0.67655827,  1.44 
-0.67638466,  1.43 
-0.67621105,  1.44 
-0.67603744,  1.44 
-0.67586383,  1.43 
-0.67569022,  1.45 
-0.67551661,  1.44 
-0.67534300,  1.45 
-0.67516939,  1.45 
-0.67499578,  1.44 
-0.67482217,  1.46 
-0.67464856,  1.46 
-0.67447495,  1.45 
-0.67430134,  1.45 
-0.67412773,  1.45 
-0.67395412,  1.46 
-0.67378051,  1.46 
-0.67360690,  1.46 
-0.67343329,  1.47 
-0.67325968,  1.47 
-0.67308607,  1.47 
-0.67291246,  1.47 
-0.67273885,  1.47 
-0.67256524,  1.46 
-0.67239163,  1.47 
-0.67221802,  1.48 
-0.67204441,  1.48 
-0.67187080,  1.47 
-0.67169719,  1.47 
-0.67152358,  1.48 
-0.67134997,  1.48 
-0.67117636,  1.48 
-0.67100275,  1.49 
-0.67082914,  1.48 
-0.67065553,  1.49 
-0.67048192,  1.49 
-0.67030831,  1.48 
-0.67013470,  1.48 
-0.66996109,  1.49 
-0.66978748,  1.49 
-0.66961387,  1.49 
-0.66944026,  1.49 
-0.66926665,  1.48 
-0.66909304,  1.49 
-0.66891943,  1.49 
-0.66874582,  1.50 
-0.66857221,  1.50 
-0.66839860,  1.50 
-0.66822499,  1.51 
-0.66805138,  1.51 
-0.66787777,  1.51 
-0.66770416,  1.51 
-0.66753055,  1.51 
-0.66735694,  1.51 
-0.66718333,  1.50 
-0.66700972,  1.52 
-0.66683611,  1.51 
-0.66666250,  1.51 
-0.66648889,  1.51 
-0.66631528,  1.51 
-0.66614167,  1.52 
-0.66596806,  1.52 
-0.66579445,  1.52 
-0.66562084,  1.53 
-0.66544723,  1.52 
-0.66527362,  1.52 
-0.66510001,  1.52 
-0.66492640,  1.52 
-0.66475279,  1.52 
-0.66457918,  1.52 
-0.66440557,  1.53 
-0.66423196,  1.53 
-0.66405835,  1.53 
-0.66388474,  1.54 
-0.66371113,  1.53 
-0.66353752,  1.53 
-0.66336391,  1.53 
-0.66319030,  1.55 
-0.66301669,  1.54 
-0.66284308,  1.53 
-0.66266947,  1.54 
-0.66249586,  1.54 
-0.66232225,  1.55 
-0.66214864,  1.53 
-0.66197503,  1.53 
-0.66180142,  1.54 
-0.66162781,  1.54 
-0.66145420,  1.54 
-0.66128059,  1.54 
-0.66110698,  1.55 
-0.66093337,  1.55 
-0.66075976,  1.55 
-0.66058615,  1.55 
-0.66041254,  1.55 
-0.66023893,  1.56 
-0.66006532,  1.55 
-0.65989171,  1.55 
-0.65971810,  1.55 
-0.65954449,  1.56 
-0.65937088,  1.55 
-0.65919727,  1.55 
-0.65902366,  1.55 
-0.65885005,  1.55 
-0.65867644,  1.55 
-0.65850283,  1.56 
-0.65832922,  1.57 
-0.65815561,  1.56 
-0.65798200,  1.57 
-0.65780839,  1.56 
-0.65763478,  1.56 
-0.65746117,  1.56 
-0.65728756,  1.55 
-0.65711395,  1.57 
-0.65694034,  1.56 
-0.65676673,  1.56 
-0.65659312,  1.56 
-0.65641951,  1.57 
-0.65624590,  1.56 
-0.65607229,  1.57 
-0.65589868,  1.56 
-0.65572507,  1.58 
-0.65555146,  1.57 
-0.65537785,  1.58 
-0.65520424,  1.58 
-0.65503063,  1.57 
-0.65485702,  1.58 
-0.65468341,  1.58 
-0.65450980,  1.57 
-0.65433619,  1.58 
-0.65416258,  1.58 
-0.65398897,  1.58 
-0.65381536,  1.58 
-0.65364175,  1.57 
-0.65346814,  1.58 
-0.65329453,  1.58 
-0.65312092,  1.59 
-0.65294731,  1.58 
-0.65277370,  1.58 
-0.65260009,  1.58 
-0.65242648,  1.58 
-0.65225287,  1.59 
-0.65207926,  1.58 
-0.65190565,  1.59 
-0.65173204,  1.58 
-0.65155843,  1.59 
-0.65138482,  1.58 
-0.65121121,  1.59 
-0.65103760,  1.59 
-0.65086399,  1.59 
-0.65069038,  1.58 
-0.65051677,  1.58 
-0.65034316,  1.59 
-0.65016955,  1.58 
-0.64999594,  1.59 
-0.64982233,  1.60 
-0.64964872,  1.59 
-0.64947511,  1.59 
-0.64930150,  1.58 
-0.64912789,  1.59 
-0.64895428,  1.59 
-0.64878067,  1.60 
-0.64860706,  1.59 
-0.64843345,  1.59 
-0.64825984,  1.60 
-0.64808623,  1.59 
-0.64791262,  1.60 
-0.64773901,  1.59 
-0.64756540,  1.58 
-0.64739179,  1.60 
-0.64721818,  1.59 
-0.64704457,  1.60 
-0.64687096,  1.58 
-0.64669735,  1.59 
-0.64652374,  1.59 
-0.64635013,  1.59 
-0.64617652,  1.60 
-0.64600291,  1.60 
-0.64582930,  1.59 
-0.64565569,  1.59 
-0.64548208,  1.60 
-0.64530847,  1.59 
-0.64513486,  1.59 
-0.64496125,  1.60 
-0.64478764,  1.60 
-0.64461403,  1.59 
-0.64444042,  1.59 
-0.64426681,  1.61 
-0.64409320,  1.60 
-0.64391959,  1.59 
-0.64374598,  1.60 
-0.64357237,  1.59 
-0.64339876,  1.59 
-0.64322515,  1.60 
-0.64305154,  1.60 
-0.64287793,  1.60 
-0.64270432,  1.59 
-0.64253071,  1.60 
-0.64235710,  1.59 
-0.64218349,  1.59 
-0.64200988,  1.60 
-0.64183627,  1.60 
-0.64166266,  1.60 
-0.64148905,  1.61 
-0.64131544,  1.60 
-0.64114183,  1.59 
-0.64096822,  1.61 
-0.64079461,  1.61 
-0.64062100,  1.60 
-0.64044739,  1.60 
-0.64027378,  1.60 
-0.64010017,  1.60 
-0.63992656,  1.61 
-0.63975295,  1.60 
-0.63957934,  1.61 
-0.63940573,  1.60 
-0.63923212,  1.59 
-0.63905851,  1.60 
-0.63888490,  1.60 
-0.63871129,  1.60 
-0.63853768,  1.60 
-0.63836407,  1.59 
-0.63819046,  1.59 
-0.63801685,  1.60 
-0.63784324,  1.59 
-0.63766963,  1.60 
-0.63749602,  1.60 
-0.63732241,  1.60 
-0.63714880,  1.60 
-0.63697519,  1.60 
-0.63680158,  1.60 
-0.63662797,  1.60 
-0.63645436,  1.60 
-0.63628075,  1.60 
-0.63610714,  1.60 
-0.63593353,  1.60 
-0.63575992,  1.60 
-0.63558631,  1.59 
-0.63541270,  1.60 
-0.63523909,  1.59 
-0.63506548,  1.60 
-0.63489187,  1.60 
-0.63471826,  1.59 
-0.63454465,  1.59 
-0.63437104,  1.59 
-0.63419743,  1.60 
-0.63402382,  1.59 
-0.63385021,  1.60 
-0.63367660,  1.60 
-0.63350299,  1.59 
-0.63332938,  1.59 
-0.63315577,  1.59 
-0.63298216,  1.59 
-0.63280855,  1.60 
-0.63263494,  1.59 
-0.63246133,  1.59 
-0.63228772,  1.59 
-0.63211411,  1.59 
-0.63194050,  1.59 
-0.63176689,  1.58 
-0.63159328,  1.58 
-0.63141967,  1.58 
-0.63124606,  1.58 
-0.63107245,  1.59 
-0.63089884,  1.58 
-0.63072523,  1.59 
-0.63055162,  1.59 
-0.63037801,  1.59 
-0.63020440,  1.59 
-0.63003079,  1.59 
-0.62985718,  1.59 
-0.62968357,  1.59 
-0.62950996,  1.58 
-0.62933635,  1.58 
-0.62916274,  1.59 
-0.62898913,  1.58 
-0.62881552,  1.59 
-0.62864191,  1.58 
-0.62846830,  1.59 
-0.62829469,  1.58 
-0.62812108,  1.57 
-0.62794747,  1.58 
-0.62777386,  1.58 
-0.62760025,  1.57 
-0.62742664,  1.58 
-0.62725303,  1.58 
-0.62707942,  1.59 
-0.62690581,  1.57 
-0.62673220,  1.57 
-0.62655859,  1.57 
-0.62638498,  1.57 
-0.62621137,  1.58 
-0.62603776,  1.58 
-0.62586415,  1.57 
-0.62569054,  1.58 
-0.62551693,  1.58 
-0.62534332,  1.57 
-0.62516971,  1.58 
-0.62499610,  1.58 
-0.62482249,  1.56 
-0.62464888,  1.57 
-0.62447527,  1.56 
-0.62430166,  1.56 
-0.62412805,  1.57 
-0.62395444,  1.57 
-0.62378083,  1.56 
-0.62360722,  1.57 
-0.62343361,  1.56 
-0.62326000,  1.57 
-0.62308639,  1.57 
-0.62291278,  1.56 
-0.62273917,  1.56 
-0.62256556,  1.56 
-0.62239195,  1.56 
-0.62221834,  1.57 
-0.62204473,  1.56 
-0.62187112,  1.55 
-0.62169751,  1.55 
-0.62152390,  1.56 
-0.62135029,  1.55 
-0.62117668,  1.56 
-0.62100307,  1.55 
-0.62082946,  1.55 
-0.62065585,  1.55 
-0.62048224,  1.55 
-0.62030863,  1.55 
-0.62013502,  1.55 
-0.61996141,  1.56 
-0.61978780,  1.55 
-0.61961419,  1.54 
-0.61944058,  1.54 
-0.61926697,  1.54 
-0.61909336,  1.54 
-0.61891975,  1.54 
-0.61874614,  1.55 
-0.61857253,  1.54 
-0.61839892,  1.54 
-0.61822531,  1.55 
-0.61805170,  1.53 
-0.61787809,  1.53 
-0.61770448,  1.54 
-0.61753087,  1.54 
-0.61735726,  1.53 
-0.61718365,  1.54 
-0.61701004,  1.53 
-0.61683643,  1.53 
-0.61666282,  1.52 
-0.61648921,  1.53 
-0.61631560,  1.53 
-0.61614199,  1.52 
-0.61596838,  1.52 
-0.61579477,  1.52 
-0.61562116,  1.53 
-0.61544755,  1.53 
-0.61527394,  1.53 
-0.61510033,  1.52 
-0.61492672,  1.52 
-0.61475311,  1.52 
-0.61457950,  1.51 
-0.61440589,  1.52 
-0.61423228,  1.52 
-0.61405867,  1.52 
-0.61388506,  1.51 
-0.61371145,  1.51 
-0.61353784,  1.51 
-0.61336423,  1.51 
-0.61319062,  1.51 
-0.61301701,  1.51 
-0.61284340,  1.50 
-0.61266979,  1.50 
-0.61249618,  1.50 
-0.61232257,  1.50 
-0.61214896,  1.50 
-0.61197535,  1.50 
-0.61180174,  1.50 
-0.61162813,  1.50 
-0.61145452,  1.50 
-0.61128091,  1.49 
-0.61110730,  1.50 
-0.61093369,  1.49 
-0.61076008,  1.49 
-0.61058647,  1.49 
-0.61041286,  1.49 
-0.61023925,  1.49 
-0.61006564,  1.49 
-0.60989203,  1.49 
-0.60971842,  1.48 
-0.60954481,  1.49 
-0.60937120,  1.48 
-0.60919759,  1.48 
-0.60902398,  1.48 
-0.60885037,  1.48 
-0.60867676,  1.48 
-0.60850315,  1.48 
-0.60832954,  1.47 
-0.60815593,  1.47 
-0.60798232,  1.47 
-0.60780871,  1.46 
-0.60763510,  1.47 
-0.60746149,  1.47 
-0.60728788,  1.46 
-0.60711427,  1.46 
-0.60694066,  1.46 
-0.60676705,  1.46 
-0.60659344,  1.46 
-0.60641983,  1.45 
-0.60624622,  1.45 
-0.60607261,  1.46 
-0.60589900,  1.45 
-0.60572539,  1.45 
-0.60555178,  1.45 
-0.60537817,  1.44 
-0.60520456,  1.44 
-0.60503095,  1.45 
-0.60485734,  1.46 
-0.60468373,  1.45 
-0.60451012,  1.44 
-0.60433651,  1.44 
-0.60416290,  1.44 
-0.60398929,  1.43 
-0.60381568,  1.44 
-0.60364207,  1.43 
-0.60346846,  1.42 
-0.60329485,  1.42 
-0.60312124,  1.43 
-0.60294763,  1.43 
-0.60277402,  1.43 
-0.60260041,  1.42 
-0.60242680,  1.43 
-0.60225319,  1.42 
-0.60207958,  1.42 
-0.60190597,  1.41 
-0.60173236,  1.42 
-0.60155875,  1.41 
-0.60138514,  1.42 
-0.60121153,  1.41 
-0.60103792,  1.41 
-0.60086431,  1.40 
-0.60069070,  1.42 
-0.60051709,  1.41 
-0.60034348,  1.40 
-0.60016987,  1.39 
-0.59999626,  1.41 
-0.59982265,  1.39 
-0.59964904,  1.40 
-0.59947543,  1.40 
-0.59930182,  1.40 
-0.59912821,  1.39 
-0.59895460,  1.38 
-0.59878099,  1.38 
-0.59860738,  1.39 
-0.59843377,  1.38 
-0.59826016,  1.38 
-0.59808655,  1.38 
-0.59791294,  1.37 
-0.59773933,  1.38 
-0.59756572,  1.38 
-0.59739211,  1.38 
-0.59721850,  1.37 
-0.59704489,  1.37 
-0.59687128,  1.36 
-0.59669767,  1.37 
-0.59652406,  1.36 
-0.59635045,  1.36 
-0.59617684,  1.36 
-0.59600323,  1.36 
-0.59582962,  1.36 
-0.59565601,  1.36 
-0.59548240,  1.36 
-0.59530879,  1.35 
-0.59513518,  1.35 
-0.59496157,  1.35 
-0.59478796,  1.35 
-0.59461435,  1.34 
-0.59444074,  1.34 
-0.59426713,  1.34 
-0.59409352,  1.35 
-0.59391991,  1.34 
-0.59374630,  1.34 
-0.59357269,  1.33 
-0.59339908,  1.34 
-0.59322547,  1.33 
-0.59305186,  1.33 
-0.59287825,  1.32 
-0.59270464,  1.31 
-0.59253103,  1.32 
-0.59235742,  1.32 
-0.59218381,  1.32 
-0.59201020,  1.31 
-0.59183659,  1.31 
-0.59166298,  1.31 
-0.59148937,  1.30 
-0.59131576,  1.31 
-0.59114215,  1.31 
-0.59096854,  1.30 
-0.59079493,  1.30 
-0.59062132,  1.30 
-0.59044771,  1.30 
-0.59027410,  1.29 
-0.59010049,  1.28 
-0.58992688,  1.29 
-0.58975327,  1.29 
-0.58957966,  1.28 
-0.58940605,  1.28 
-0.58923244,  1.29 
-0.58905883,  1.29 
-0.58888522,  1.27 
-0.58871161,  1.27 
-0.58853800,  1.27 
-0.58836439,  1.28 
-0.58819078,  1.27 
-0.58801717,  1.27 
-0.58784356,  1.26 
-0.58766995,  1.26 
-0.58749634,  1.26 
-0.58732273,  1.27 
-0.58714912,  1.26 
-0.58697551,  1.25 
-0.58680190,  1.25 
-0.58662829,  1.25 
-0.58645468,  1.24 
-0.58628107,  1.25 
-0.58610746,  1.25 
-0.58593385,  1.24 
-0.58576024,  1.23 
-0.58558663,  1.24 
-0.58541302,  1.24 
-0.58523941,  1.24 
-0.58506580,  1.24 
-0.58489219,  1.22 
-0.58471858,  1.22 
-0.58454497,  1.23 
-0.58437136,  1.22 
-0.58419775,  1.22 
-0.58402414,  1.22 
-0.58385053,  1.21 
-0.58367692,  1.21 
-0.58350331,  1.21 
-0.58332970,  1.21 
-0.58315609,  1.20 
-0.58298248,  1.20 
-0.58280887,  1.20 
-0.58263526,  1.20 
-0.58246165,  1.20 
-0.58228804,  1.19 
-0.58211443,  1.19 
-0.58194082,  1.19 
-0.58176721,  1.19 
-0.58159360,  1.18 
-0.58141999,  1.18 
-0.58124638,  1.18 
-0.58107277,  1.19 
-0.58089916,  1.18 
-0.58072555,  1.17 
-0.58055194,  1.18 
-0.58037833,  1.16 
-0.58020472,  1.17 
-0.58003111,  1.17 
-0.57985750,  1.16 
-0.57968389,  1.15 
-0.57951028,  1.15 
-0.57933667,  1.16 
-0.57916306,  1.15 
-0.57898945,  1.15 
-0.57881584,  1.15 
-0.57864223,  1.15 
-0.57846862,  1.14 
-0.57829501,  1.14 
-0.57812140,  1.13 
-0.57794779,  1.14 
-0.57777418,  1.13 
-0.57760057,  1.12 
-0.57742696,  1.13 
-0.57725335,  1.12 
-0.57707974,  1.12 
-0.57690613,  1.12 
-0.57673252,  1.12 
-0.57655891,  1.11 
-0.57638530,  1.11 
-0.57621169,  1.11 
-0.57603808,  1.11 
-0.57586447,  1.11 
-0.57569086,  1.10 
-0.57551725,  1.10 
-0.57534364,  1.10 
-0.57517003,  1.09 
-0.57499642,  1.09 
-0.57482281,  1.09 
-0.57464920,  1.08 
-0.57447559,  1.08 
-0.57430198,  1.08 
-0.57412837,  1.08 
-0.57395476,  1.08 
-0.57378115,  1.08 
-0.57360754,  1.08 
-0.57343393,  1.08 
-0.57326032,  1.07 
-0.57308671,  1.06 
-0.57291310,  1.07 
-0.57273949,  1.06 
-0.57256588,  1.05 
-0.57239227,  1.05 
-0.57221866,  1.05 
-0.57204505,  1.05 
-0.57187144,  1.04 
-0.57169783,  1.04 
-0.57152422,  1.04 
-0.57135061,  1.04 
-0.57117700,  1.03 
-0.57100339,  1.02 
-0.57082978,  1.03 
-0.57065617,  1.03 
-0.57048256,  1.03 
-0.57030895,  1.02 
-0.57013534,  1.02 
-0.56996173,  1.01 
-0.56978812,  1.01 
-0.56961451,  1.01 
-0.56944090,  0.99 
-0.56926729,  1.00 
-0.56909368,  1.01 
-0.56892007,  0.99 
-0.56874646,  1.00 
-0.56857285,  1.00 
-0.56839924,  0.99 
-0.56822563,  0.98 
-0.56805202,  0.98 
-0.56787841,  0.99 
-0.56770480,  0.98 
-0.56753119,  0.98 
-0.56735758,  0.98 
-0.56718397,  0.98 
-0.56701036,  0.97 
-0.56683675,  0.96 
-0.56666314,  0.96 
-0.56648953,  0.96 
-0.56631592,  0.95 
-0.56614231,  0.95 
-0.56596870,  0.96 
-0.56579509,  0.95 
-0.56562148,  0.95 
-0.56544787,  0.94 
-0.56527426,  0.94 
-0.56510065,  0.93 
-0.56492704,  0.93 
-0.56475343,  0.93 
-0.56457982,  0.93 
-0.56440621,  0.93 
-0.56423260,  0.92 
-0.56405899,  0.92 
-0.56388538,  0.92 
-0.56371177,  0.91 
-0.56353816,  0.91 
-0.56336455,  0.91 
-0.56319094,  0.91 
-0.56301733,  0.90 
-0.56284372,  0.90 
-0.56267011,  0.90 
-0.56249650,  0.89 
-0.56232289,  0.89 
-0.56214928,  0.88 
-0.56197567,  0.88 
-0.56180206,  0.89 
-0.56162845,  0.88 
-0.56145484,  0.87 
-0.56128123,  0.88 
-0.56110762,  0.88 
-0.56093401,  0.88 
-0.56076040,  0.87 
-0.56058679,  0.87 
-0.56041318,  0.85 
-0.56023957,  0.86 
-0.56006596,  0.86 
-0.55989235,  0.85 
-0.55971874,  0.85 
-0.55954513,  0.85 
-0.55937152,  0.84 
-0.55919791,  0.84 
-0.55902430,  0.85 
-0.55885069,  0.83 
-0.55867708,  0.83 
-0.55850347,  0.83 
-0.55832986,  0.82 
-0.55815625,  0.82 
-0.55798264,  0.82 
-0.55780903,  0.82 
-0.55763542,  0.80 
-0.55746181,  0.81 
-0.55728820,  0.81 
-0.55711459,  0.81 
-0.55694098,  0.81 
-0.55676737,  0.80 
-0.55659376,  0.79 
-0.55642015,  0.79 
-0.55624654,  0.79 
-0.55607293,  0.79 
-0.55589932,  0.78 
-0.55572571,  0.78 
-0.55555210,  0.78 
-0.55537849,  0.77 
-0.55520488,  0.77 
-0.55503127,  0.76 
-0.55485766,  0.76 
-0.55468405,  0.76 
-0.55451044,  0.76 
-0.55433683,  0.75 
-0.55416322,  0.75 
-0.55398961,  0.75 
-0.55381600,  0.76 
-0.55364239,  0.74 
-0.55346878,  0.74 
-0.55329517,  0.73 
-0.55312156,  0.73 
-0.55294795,  0.73 
-0.55277434,  0.73 
-0.55260073,  0.72 
-0.55242712,  0.72 
-0.55225351,  0.71 
-0.55207990,  0.71 
-0.55190629,  0.71 
-0.55173268,  0.70 
-0.55155907,  0.70 
-0.55138546,  0.70 
-0.55121185,  0.70 
-0.55103824,  0.70 
-0.55086463,  0.69 
-0.55069102,  0.69 
-0.55051741,  0.69 
-0.55034380,  0.68 
-0.55017019,  0.68 
-0.54999658,  0.68 
-0.54982297,  0.67 
-0.54964936,  0.67 
-0.54947575,  0.67 
-0.54930214,  0.66 
-0.54912853,  0.66 
-0.54895492,  0.66 
-0.54878131,  0.65 
-0.54860770,  0.65 
-0.54843409,  0.65 
-0.54826048,  0.64 
-0.54808687,  0.64 
-0.54791326,  0.64 
-0.54773965,  0.64 
-0.54756604,  0.63 
-0.54739243,  0.63 
-0.54721882,  0.63 
-0.54704521,  0.62 
-0.54687160,  0.62 
-0.54669799,  0.61 
-0.54652438,  0.63 
-0.54635077,  0.61 
-0.54617716,  0.61 
-0.54600355,  0.61 
-0.54582994,  0.59 
-0.54565633,  0.60 
-0.54548272,  0.60 
-0.54530911,  0.59 
-0.54513550,  0.59 
-0.54496189,  0.58 
-0.54478828,  0.58 
-0.54461467,  0.58 
-0.54444106,  0.57 
-0.54426745,  0.57 
-0.54409384,  0.58 
-0.54392023,  0.56 
-0.54374662,  0.56 
-0.54357301,  0.55 
-0.54339940,  0.55 
-0.54322579,  0.55 
-0.54305218,  0.54 
-0.54287857,  0.56 
-0.54270496,  0.55 
-0.54253135,  0.54 
-0.54235774,  0.53 
-0.54218413,  0.53 
-0.54201052,  0.53 
-0.54183691,  0.52 
-0.54166330,  0.53 
-0.54148969,  0.51 
-0.54131608,  0.51 
-0.54114247,  0.51 
-0.54096886,  0.51 
-0.54079525,  0.50 
-0.54062164,  0.50 
-0.54044803,  0.49 
-0.54027442,  0.49 
-0.54010081,  0.49 
-0.53992720,  0.48 
-0.53975359,  0.49 
-0.53957998,  0.49 
-0.53940637,  0.49 
-0.53923276,  0.48 
-0.53905915,  0.47 
-0.53888554,  0.47 
-0.53871193,  0.47 
-0.53853832,  0.46 
-0.53836471,  0.46 
-0.53819110,  0.46 
-0.53801749,  0.45 
-0.53784388,  0.45 
-0.53767027,  0.45 
-0.53749666,  0.44 
-0.53732305,  0.44 
-0.53714944,  0.44 
-0.53697583,  0.43 
-0.53680222,  0.42 
-0.53662861,  0.42 
-0.53645500,  0.42 
-0.53628139,  0.41 
-0.53610778,  0.42 
-0.53593417,  0.41 
-0.53576056,  0.41 
-0.53558695,  0.42 
-0.53541334,  0.41 
-0.53523973,  0.40 
-0.53506612,  0.39 
-0.53489251,  0.39 
-0.53471890,  0.38 
-0.53454529,  0.39 
-0.53437168,  0.38 
-0.53419807,  0.38 
-0.53402446,  0.37 
-0.53385085,  0.37 
-0.53367724,  0.37 
-0.53350363,  0.37 
-0.53333002,  0.36 
-0.53315641,  0.36 
-0.53298280,  0.35 
-0.53280919,  0.36 
-0.53263558,  0.35 
-0.53246197,  0.35 
-0.53228836,  0.34 
-0.53211475,  0.33 
-0.53194114,  0.34 
-0.53176753,  0.33 
-0.53159392,  0.33 
-0.53142031,  0.32 
-0.53124670,  0.31 
-0.53107309,  0.32 
-0.53089948,  0.32 
-0.53072587,  0.31 
-0.53055226,  0.30 
-0.53037865,  0.30 
-0.53020504,  0.31 
-0.53003143,  0.29 
-0.52985782,  0.29 
-0.52968421,  0.30 
-0.52951060,  0.28 
-0.52933699,  0.28 
-0.52916338,  0.28 
-0.52898977,  0.27 
-0.52881616,  0.27 
-0.52864255,  0.27 
-0.52846894,  0.27 
-0.52829533,  0.26 
-0.52812172,  0.25 
-0.52794811,  0.25 
-0.52777450,  0.25 
-0.52760089,  0.24 
-0.52742728,  0.24 
-0.52725367,  0.24 
-0.52708006,  0.23 
-0.52690645,  0.23 
-0.52673284,  0.23 
-0.52655923,  0.23 
-0.52638562,  0.23 
-0.52621201,  0.22 
-0.52603840,  0.22 
-0.52586479,  0.21 
-0.52569118,  0.20 
-0.52551757,  0.20 
-0.52534396,  0.20 
-0.52517035,  0.20 
-0.52499674,  0.19 
-0.52482313,  0.19 
-0.52464952,  0.19 
-0.52447591,  0.18 
-0.52430230,  0.18 
-0.52412869,  0.18 
-0.52395508,  0.17 
-0.52378147,  0.17 
-0.52360786,  0.17 
-0.52343425,  0.16 
-0.52326064,  0.17 
-0.52308703,  0.16 
-0.52291342,  0.16 
-0.52273981,  0.15 
-0.52256620,  0.15 
-0.52239259,  0.14 
-0.52221898,  0.14 
-0.52204537,  0.14 
-0.52187176,  0.14 
-0.52169815,  0.12 
-0.52152454,  0.13 
-0.52135093,  0.13 
-0.52117732,  0.12 
-0.52100371,  0.12 
-0.52083010,  0.11 
-0.52065649,  0.11 
-0.52048288,  0.11 
-0.52030927,  0.10 
-0.52013566,  0.10 
-0.51996205,  0.10 
-0.51978844,  0.10 
-0.51961483,  0.08 
-0.51944122,  0.09 
-0.51926761,  0.07 
-0.51909400,  0.08 
-0.51892039,  0.07 
-0.51874678,  0.07 
-0.51857317,  0.07 
-0.51839956,  0.06 
-0.51822595,  0.06 
-0.51805234,  0.05 
-0.51787873,  0.06 
-0.51770512,  0.05 
-0.51753151,  0.05 
-0.51735790,  0.04 
-0.51718429,  0.04 
-0.51701068,  0.04 
-0.51683707,  0.03 
-0.51666346,  0.03 
-0.51648985,  0.02 
-0.51631624,  0.02 
-0.51614263,  0.02 
-0.51596902,  0.01 
-0.51579541,  0.01 
-0.51562180,  0.01 
-0.51544819, -0.00 
-0.51527458, -0.01 
-0.51510097, -0.01 
-0.51492736, -0.01 
-0.51475375, -0.00 
-0.51458014, -0.01 
-0.51440653, -0.01 
-0.51423292, -0.01 
-0.51405931, -0.02 
-0.51388570, -0.03 
-0.51371209, -0.02 
-0.51353848, -0.03 
-0.51336487, -0.04 
-0.51319126, -0.04 
-0.51301765, -0.03 
-0.51284404, -0.04 
-0.51267043, -0.04 
-0.51249682, -0.05 
-0.51232321, -0.06 
-0.51214960, -0.06 
-0.51197599, -0.06 
-0.51180238, -0.07 
-0.51162877, -0.07 
-0.51145516, -0.07 
-0.51128155, -0.07 
-0.51110794, -0.07 
-0.51093433, -0.08 
-0.51076072, -0.09 
-0.51058711, -0.09 
-0.51041350, -0.09 
-0.51023989, -0.10 
-0.51006628, -0.10 
-0.50989267, -0.11 
-0.50971906, -0.10 
-0.50954545, -0.11 
-0.50937184, -0.12 
-0.50919823, -0.12 
-0.50902462, -0.12 
-0.50885101, -0.12 
-0.50867740, -0.13 
-0.50850379, -0.14 
-0.50833018, -0.14 
-0.50815657, -0.14 
-0.50798296, -0.14 
-0.50780935, -0.14 
-0.50763574, -0.15 
-0.50746213, -0.15 
-0.50728852, -0.15 
-0.50711491, -0.16 
-0.50694130, -0.16 
-0.50676769, -0.17 
-0.50659408, -0.17 
-0.50642047, -0.18 
-0.50624686, -0.18 
-0.50607325, -0.19 
-0.50589964, -0.19 
-0.50572603, -0.18 
-0.50555242, -0.20 
-0.50537881, -0.19 
-0.50520520, -0.21 
-0.50503159, -0.21 
-0.50485798, -0.20 
-0.50468437, -0.20 
-0.50451076, -0.21 
-0.50433715, -0.21 
-0.50416354, -0.23 
-0.50398993, -0.22 
-0.50381632, -0.22 
-0.50364271, -0.23 
-0.50346910, -0.23 
-0.50329549, -0.24 
-0.50312188, -0.23 
-0.50294827, -0.24 
-0.50277466, -0.25 
-0.50260105, -0.25 
-0.50242744, -0.25 
-0.50225383, -0.25 
-0.50208022, -0.27 
-0.50190661, -0.26 
-0.50173300, -0.28 
-0.50155939, -0.26 
-0.50138578, -0.28 
-0.50121217, -0.28 
-0.50103856, -0.29 
-0.50086495, -0.29 
-0.50069134, -0.29 
-0.50051773, -0.30 
-0.50034412, -0.30 
-0.50017051, -0.30 
-0.49999690, -0.31 
-0.49982329, -0.30 
-0.49964968, -0.31 
-0.49947607, -0.31 
-0.49930246, -0.31 
-0.49912885, -0.31 
-0.49895524, -0.33 
-0.49878163, -0.32 
-0.49860802, -0.32 
-0.49843441, -0.34 
-0.49826080, -0.33 
-0.49808719, -0.34 
-0.49791358, -0.35 
-0.49773997, -0.35 
-0.49756636, -0.35 
-0.49739275, -0.35 
-0.49721914, -0.35 
-0.49704553, -0.36 
-0.49687192, -0.37 
-0.49669831, -0.36 
-0.49652470, -0.37 
-0.49635109, -0.38 
-0.49617748, -0.37 
-0.49600387, -0.38 
-0.49583026, -0.38 
-0.49565665, -0.38 
-0.49548304, -0.39 
-0.49530943, -0.40 
-0.49513582, -0.40 
-0.49496221, -0.41 
-0.49478860, -0.41 
-0.49461499, -0.40 
-0.49444138, -0.41 
-0.49426777, -0.41 
-0.49409416, -0.42 
-0.49392055, -0.42 
-0.49374694, -0.43 
-0.49357333, -0.43 
-0.49339972, -0.43 
-0.49322611, -0.43 
-0.49305250, -0.44 
-0.49287889, -0.44 
-0.49270528, -0.45 
-0.49253167, -0.46 
-0.49235806, -0.45 
-0.49218445, -0.46 
-0.49201084, -0.46 
-0.49183723, -0.46 
-0.49166362, -0.45 
-0.49149001, -0.48 
-0.49131640, -0.47 
-0.49114279, -0.47 
-0.49096918, -0.48 
-0.49079557, -0.48 
-0.49062196, -0.48 
-0.49044835, -0.48 
-0.49027474, -0.50 
-0.49010113, -0.49 
-0.48992752, -0.51 
-0.48975391, -0.50 
-0.48958030, -0.50 
-0.48940669, -0.51 
-0.48923308, -0.51 
-0.48905947, -0.51 
-0.48888586, -0.52 
-0.48871225, -0.52 
-0.48853864, -0.53 
-0.48836503, -0.53 
-0.48819142, -0.52 
-0.48801781, -0.53 
-0.48784420, -0.54 
-0.48767059, -0.54 
-0.48749698, -0.55 
-0.48732337, -0.55 
-0.48714976, -0.56 
-0.48697615, -0.55 
-0.48680254, -0.56 
-0.48662893, -0.56 
-0.48645532, -0.57 
-0.48628171, -0.58 
-0.48610810, -0.57 
-0.48593449, -0.57 
-0.48576088, -0.57 
-0.48558727, -0.57 
-0.48541366, -0.58 
-0.48524005, -0.59 
-0.48506644, -0.59 
-0.48489283, -0.59 
-0.48471922, -0.59 
-0.48454561, -0.61 
-0.48437200, -0.61 
-0.48419839, -0.61 
-0.48402478, -0.62 
-0.48385117, -0.61 
-0.48367756, -0.62 
-0.48350395, -0.62 
-0.48333034, -0.62 
-0.48315673, -0.62 
-0.48298312, -0.63 
-0.48280951, -0.63 
-0.48263590, -0.63 
-0.48246229, -0.63 
-0.48228868, -0.65 
-0.48211507, -0.64 
-0.48194146, -0.65 
-0.48176785, -0.65 
-0.48159424, -0.65 
-0.48142063, -0.66 
-0.48124702, -0.67 
-0.48107341, -0.66 
-0.48089980, -0.67 
-0.48072619, -0.67 
-0.48055258, -0.67 
-0.48037897, -0.68 
-0.48020536, -0.68 
-0.48003175, -0.68 
-0.47985814, -0.68 
-0.47968453, -0.68 
-0.47951092, -0.69 
-0.47933731, -0.71 
-0.47916370, -0.70 
-0.47899009, -0.71 
-0.47881648, -0.71 
-0.47864287, -0.71 
-0.47846926, -0.71 
-0.47829565, -0.72 
-0.47812204, -0.71 
-0.47794843, -0.72 
-0.47777482, -0.72 
-0.47760121, -0.72 
-0.47742760, -0.73 
-0.47725399, -0.74 
-0.47708038, -0.74 
-0.47690677, -0.74 
-0.47673316, -0.74 
-0.47655955, -0.75 
-0.47638594, -0.74 
-0.47621233, -0.75 
-0.47603872, -0.76 
-0.47586511, -0.77 
-0.47569150, -0.76 
-0.47551789, -0.76 
-0.47534428, -0.78 
-0.47517067, -0.78 
-0.47499706, -0.78 
-0.47482345, -0.79 
-0.47464984, -0.78 
-0.47447623, -0.77 
-0.47430262, -0.79 
-0.47412901, -0.79 
-0.47395540, -0.79 
-0.47378179, -0.80 
-0.47360818, -0.80 
-0.47343457, -0.80 
-0.47326096, -0.80 
-0.47308735, -0.81 
-0.47291374, -0.81 
-0.47274013, -0.82 
-0.47256652, -0.82 
-0.47239291, -0.82 
-0.47221930, -0.82 
-0.47204569, -0.82 
-0.47187208, -0.82 
-0.47169847, -0.84 
-0.47152486, -0.84 
-0.47135125, -0.83 
-0.47117764, -0.85 
-0.47100403, -0.84 
-0.47083042, -0.85 
-0.47065681, -0.85 
-0.47048320, -0.85 
-0.47030959, -0.85 
-0.47013598, -0.85 
-0.46996237, -0.86 
-0.46978876, -0.87 
-0.46961515, -0.87 
-0.46944154, -0.87 
-0.46926793, -0.88 
-0.46909432, -0.87 
-0.46892071, -0.87 
-0.46874710, -0.89 
-0.46857349, -0.89 
-0.46839988, -0.89 
-0.46822627, -0.89 
-0.46805266, -0.90 
-0.46787905, -0.89 
-0.46770544, -0.89 
-0.46753183, -0.91 
-0.46735822, -0.91 
-0.46718461, -0.91 
-0.46701100, -0.90 
-0.46683739, -0.93 
-0.46666378, -0.91 
-0.46649017, -0.92 
-0.46631656, -0.93 
-0.46614295, -0.93 
-0.46596934, -0.92 
-0.46579573, -0.93 
-0.46562212, -0.94 
-0.46544851, -0.93 
-0.46527490, -0.94 
-0.46510129, -0.94 
-0.46492768, -0.95 
-0.46475407, -0.96 
-0.46458046, -0.95 
-0.46440685, -0.95 
-0.46423324, -0.96 
-0.46405963, -0.95 
-0.46388602, -0.97 
-0.46371241, -0.97 
-0.46353880, -0.97 
-0.46336519, -0.97 
-0.46319158, -0.97 
-0.46301797, -0.98 
-0.46284436, -0.98 
-0.46267075, -0.98 
-0.46249714, -0.98 
-0.46232353, -0.98 
-0.46214992, -0.98 
-0.46197631, -0.99 
-0.46180270, -0.99 
-0.46162909, -0.99 
-0.46145548, -1.00 
-0.46128187, -1.00 
-0.46110826, -1.00 
-0.46093465, -1.01 
-0.46076104, -1.01 
-0.46058743, -1.01 
-0.46041382, -1.02 
-0.46024021, -1.02 
-0.46006660, -1.02 
-0.45989299, -1.02 
-0.45971938, -1.02 
-0.45954577, -1.02 
-0.45937216, -1.04 
-0.45919855, -1.03 
-0.45902494, -1.04 
-0.45885133, -1.04 
-0.45867772, -1.04 
-0.45850411, -1.05 
-0.45833050, -1.04 
-0.45815689, -1.05 
-0.45798328, -1.05 
-0.45780967, -1.06 
-0.45763606, -1.06 
-0.45746245, -1.05 
-0.45728884, -1.06 
-0.45711523, -1.06 
-0.45694162, -1.07 
-0.45676801, -1.07 
-0.45659440, -1.08 
-0.45642079, -1.09 
-0.45624718, -1.08 
-0.45607357, -1.08 
-0.45589996, -1.08 
-0.45572635, -1.09 
-0.45555274, -1.08 
-0.45537913, -1.08 
-0.45520552, -1.10 
-0.45503191, -1.09 
-0.45485830, -1.10 
-0.45468469, -1.10 
-0.45451108, -1.11 
-0.45433747, -1.11 
-0.45416386, -1.12 
-0.45399025, -1.11 
-0.45381664, -1.11 
-0.45364303, -1.11 
-0.45346942, -1.12 
-0.45329581, -1.13 
-0.45312220, -1.12 
-0.45294859, -1.13 
-0.45277498, -1.13 
-0.45260137, -1.12 
-0.45242776, -1.13 
-0.45225415, -1.14 
-0.45208054, -1.14 
-0.45190693, -1.14 
-0.45173332, -1.14 
-0.45155971, -1.15 
-0.45138610, -1.15 
-0.45121249, -1.15 
-0.45103888, -1.15 
-0.45086527, -1.15 
-0.45069166, -1.16 
-0.45051805, -1.17 
-0.45034444, -1.17 
-0.45017083, -1.17 
-0.44999722, -1.17 
-0.44982361, -1.16 
-0.44965000, -1.17 
-0.44947639, -1.17 
-0.44930278, -1.19 
-0.44912917, -1.18 
-0.44895556, -1.18 
-0.44878195, -1.18 
-0.44860834, -1.19 
-0.44843473, -1.19 
-0.44826112, -1.19 
-0.44808751, -1.19 
-0.44791390, -1.19 
-0.44774029, -1.20 
-0.44756668, -1.20 
-0.44739307, -1.21 
-0.44721946, -1.20 
-0.44704585, -1.22 
-0.44687224, -1.22 
-0.44669863, -1.20 
-0.44652502, -1.21 
-0.44635141, -1.22 
-0.44617780, -1.22 
-0.44600419, -1.22 
-0.44583058, -1.22 
-0.44565697, -1.23 
-0.44548336, -1.23 
-0.44530975, -1.23 
-0.44513614, -1.24 
-0.44496253, -1.23 
-0.44478892, -1.24 
-0.44461531, -1.24 
-0.44444170, -1.25 
-0.44426809, -1.24 
-0.44409448, -1.25 
-0.44392087, -1.26 
-0.44374726, -1.25 
-0.44357365, -1.25 
-0.44340004, -1.26 
-0.44322643, -1.25 
-0.44305282, -1.26 
-0.44287921, -1.26 
-0.44270560, -1.26 
-0.44253199, -1.26 
-0.44235838, -1.27 
-0.44218477, -1.26 
-0.44201116, -1.27 
-0.44183755, -1.28 
-0.44166394, -1.27 
-0.44149033, -1.28 
-0.44131672, -1.28 
-0.44114311, -1.28 
-0.44096950, -1.29 
-0.44079589, -1.29 
-0.44062228, -1.29 
-0.44044867, -1.29 
-0.44027506, -1.29 
-0.44010145, -1.30 
-0.43992784, -1.30 
-0.43975423, -1.29 
-0.43958062, -1.31 
-0.43940701, -1.31 
-0.43923340, -1.31 
-0.43905979, -1.31 
-0.43888618, -1.31 
-0.43871257, -1.31 
-0.43853896, -1.32 
-0.43836535, -1.31 
-0.43819174, -1.32 
-0.43801813, -1.31 
-0.43784452, -1.33 
-0.43767091, -1.32 
-0.43749730, -1.32 
-0.43732369, -1.33 
-0.43715008, -1.32 
-0.43697647, -1.33 
-0.43680286, -1.34 
-0.43662925, -1.34 
-0.43645564, -1.33 
-0.43628203, -1.33 
-0.43610842, -1.34 
-0.43593481, -1.34 
-0.43576120, -1.34 
-0.43558759, -1.35 
-0.43541398, -1.35 
-0.43524037, -1.35 
-0.43506676, -1.35 
-0.43489315, -1.36 
-0.43471954, -1.35 
-0.43454593, -1.36 
-0.43437232, -1.37 
-0.43419871, -1.35 
-0.43402510, -1.36 
-0.43385149, -1.36 
-0.43367788, -1.37 
-0.43350427, -1.37 
-0.43333066, -1.36 
-0.43315705, -1.37 
-0.43298344, -1.37 
-0.43280983, -1.38 
-0.43263622, -1.38 
-0.43246261, -1.38 
-0.43228900, -1.37 
-0.43211539, -1.39 
-0.43194178, -1.39 
-0.43176817, -1.38 
-0.43159456, -1.39 
-0.43142095, -1.39 
-0.43124734, -1.39 
-0.43107373, -1.39 
-0.43090012, -1.40 
-0.43072651, -1.39 
-0.43055290, -1.40 
-0.43037929, -1.40 
-0.43020568, -1.40 
-0.43003207, -1.41 
-0.42985846, -1.39 
-0.42968485, -1.41 
-0.42951124, -1.42 
-0.42933763, -1.41 
-0.42916402, -1.42 
-0.42899041, -1.41 
-0.42881680, -1.42 
-0.42864319, -1.42 
-0.42846958, -1.41 
-0.42829597, -1.42 
-0.42812236, -1.42 
-0.42794875, -1.41 
-0.42777514, -1.42 
-0.42760153, -1.42 
-0.42742792, -1.44 
-0.42725431, -1.43 
-0.42708070, -1.43 
-0.42690709, -1.44 
-0.42673348, -1.44 
-0.42655987, -1.44 
-0.42638626, -1.44 
-0.42621265, -1.44 
-0.42603904, -1.44 
-0.42586543, -1.44 
-0.42569182, -1.45 
-0.42551821, -1.44 
-0.42534460, -1.45 
-0.42517099, -1.45 
-0.42499738, -1.45 
-0.42482377, -1.44 
-0.42465016, -1.45 
-0.42447655, -1.45 
-0.42430294, -1.46 
-0.42412933, -1.46 
-0.42395572, -1.46 
-0.42378211, -1.46 
-0.42360850, -1.47 
-0.42343489, -1.47 
-0.42326128, -1.46 
-0.42308767, -1.47 
-0.42291406, -1.47 
-0.42274045, -1.47 
-0.42256684, -1.47 
-0.42239323, -1.47 
-0.42221962, -1.47 
-0.42204601, -1.47 
-0.42187240, -1.47 
-0.42169879, -1.48 
-0.42152518, -1.48 
-0.42135157, -1.47 
-0.42117796, -1.49 
-0.42100435, -1.48 
-0.42083074, -1.49 
-0.42065713, -1.48 
-0.42048352, -1.48 
-0.42030991, -1.49 
-0.42013630, -1.50 
-0.41996269, -1.49 
-0.41978908, -1.48 
-0.41961547, -1.49 
-0.41944186, -1.49 
-0.41926825, -1.50 
-0.41909464, -1.50 
-0.41892103, -1.51 
-0.41874742, -1.49 
-0.41857381, -1.50 
-0.41840020, -1.50 
-0.41822659, -1.51 
-0.41805298, -1.51 
-0.41787937, -1.50 
-0.41770576, -1.50 
-0.41753215, -1.50 
-0.41735854, -1.51 
-0.41718493, -1.51 
-0.41701132, -1.51 
-0.41683771, -1.51 
-0.41666410, -1.51 
-0.41649049, -1.51 
-0.41631688, -1.51 
-0.41614327, -1.52 
-0.41596966, -1.52 
-0.41579605, -1.52 
-0.41562244, -1.52 
-0.41544883, -1.51 
-0.41527522, -1.52 
-0.41510161, -1.52 
-0.41492800, -1.53 
-0.41475439, -1.53 
-0.41458078, -1.53 
-0.41440717, -1.52 
-0.41423356, -1.53 
-0.41405995, -1.53 
-0.41388634, -1.54 
-0.41371273, -1.54 
-0.41353912, -1.53 
-0.41336551, -1.53 
-0.41319190, -1.53 
-0.41301829, -1.53 
-0.41284468, -1.53 
-0.41267107, -1.53 
-0.41249746, -1.53 
-0.41232385, -1.54 
-0.41215024, -1.54 
-0.41197663, -1.54 
-0.41180302, -1.54 
-0.41162941, -1.55 
-0.41145580, -1.54 
-0.41128219, -1.55 
-0.41110858, -1.55 
-0.41093497, -1.55 
-0.41076136, -1.55 
-0.41058775, -1.55 
-0.41041414, -1.55 
-0.41024053, -1.55 
-0.41006692, -1.56 
-0.40989331, -1.55 
-0.40971970, -1.56 
-0.40954609, -1.55 
-0.40937248, -1.55 
-0.40919887, -1.56 
-0.40902526, -1.56 
-0.40885165, -1.55 
-0.40867804, -1.56 
-0.40850443, -1.56 
-0.40833082, -1.57 
-0.40815721, -1.56 
-0.40798360, -1.57 
-0.40780999, -1.57 
-0.40763638, -1.57 
-0.40746277, -1.56 
-0.40728916, -1.57 
-0.40711555, -1.55 
-0.40694194, -1.57 
-0.40676833, -1.57 
-0.40659472, -1.56 
-0.40642111, -1.57 
-0.40624750, -1.56 
-0.40607389, -1.57 
-0.40590028, -1.56 
-0.40572667, -1.57 
-0.40555306, -1.56 
-0.40537945, -1.57 
-0.40520584, -1.57 
-0.40503223, -1.57 
-0.40485862, -1.58 
-0.40468501, -1.58 
-0.40451140, -1.58 
-0.40433779, -1.57 
-0.40416418, -1.58 
-0.40399057, -1.57 
-0.40381696, -1.58 
-0.40364335, -1.57 
-0.40346974, -1.57 
-0.40329613, -1.58 
-0.40312252, -1.58 
-0.40294891, -1.59 
-0.40277530, -1.58 
-0.40260169, -1.59 
-0.40242808, -1.58 
-0.40225447, -1.59 
-0.40208086, -1.59 
-0.40190725, -1.58 
-0.40173364, -1.58 
-0.40156003, -1.58 
-0.40138642, -1.59 
-0.40121281, -1.58 
-0.40103920, -1.58 
-0.40086559, -1.58 
-0.40069198, -1.59 
-0.40051837, -1.59 
-0.40034476, -1.58 
-0.40017115, -1.59 
-0.39999754, -1.60 
-0.39982393, -1.60 
-0.39965032, -1.58 
-0.39947671, -1.59 
-0.39930310, -1.59 
-0.39912949, -1.58 
-0.39895588, -1.60 
-0.39878227, -1.60 
-0.39860866, -1.59 
-0.39843505, -1.59 
-0.39826144, -1.60 
-0.39808783, -1.59 
-0.39791422, -1.61 
-0.39774061, -1.60 
-0.39756700, -1.60 
-0.39739339, -1.59 
-0.39721978, -1.59 
-0.39704617, -1.59 
-0.39687256, -1.60 
-0.39669895, -1.60 
-0.39652534, -1.60 
-0.39635173, -1.59 
-0.39617812, -1.59 
-0.39600451, -1.59 
-0.39583090, -1.59 
-0.39565729, -1.59 
-0.39548368, -1.59 
-0.39531007, -1.60 
-0.39513646, -1.60 
-0.39496285, -1.60 
-0.39478924, -1.61 
-0.39461563, -1.60 
-0.39444202, -1.59 
-0.39426841, -1.60 
-0.39409480, -1.60 
-0.39392119, -1.60 
-0.39374758, -1.59 
-0.39357397, -1.59 
-0.39340036, -1.59 
-0.39322675, -1.60 
-0.39305314, -1.59 
-0.39287953, -1.60 
-0.39270592, -1.60 
-0.39253231, -1.59 
-0.39235870, -1.60 
-0.39218509, -1.60 
-0.39201148, -1.60 
-0.39183787, -1.60 
-0.39166426, -1.60 
-0.39149065, -1.60 
-0.39131704, -1.60 
-0.39114343, -1.61 
-0.39096982, -1.61 
-0.39079621, -1.61 
-0.39062260, -1.60 
-0.39044899, -1.60 
-0.39027538, -1.60 
-0.39010177, -1.59 
-0.38992816, -1.60 
-0.38975455, -1.61 
-0.38958094, -1.61 
-0.38940733, -1.60 
-0.38923372, -1.60 
-0.38906011, -1.60 
-0.38888650, -1.60 
-0.38871289, -1.60 
-0.38853928, -1.60 
-0.38836567, -1.60 
-0.38819206, -1.61 
-0.38801845, -1.61 
-0.38784484, -1.59 
-0.38767123, -1.59 
-0.38749762, -1.61 
-0.38732401, -1.60 
-0.38715040, -1.60 
-0.38697679, -1.59 
-0.38680318, -1.60 
-0.38662957, -1.60 
-0.38645596, -1.59 
-0.38628235, -1.59 
-0.38610874, -1.60 
-0.38593513, -1.61 
-0.38576152, -1.60 
-0.38558791, -1.60 
-0.38541430, -1.60 
-0.38524069, -1.59 
-0.38506708, -1.60 
-0.38489347, -1.59 
-0.38471986, -1.59 
-0.38454625, -1.60 
-0.38437264, -1.60 
-0.38419903, -1.60 
-0.38402542, -1.59 
-0.38385181, -1.59 
-0.38367820, -1.59 
-0.38350459, -1.60 
-0.38333098, -1.59 
-0.38315737, -1.59 
-0.38298376, -1.60 
-0.38281015, -1.59 
-0.38263654, -1.59 
-0.38246293, -1.59 
-0.38228932, -1.59 
-0.38211571, -1.59 
-0.38194210, -1.59 
-0.38176849, -1.59 
-0.38159488, -1.59 
-0.38142127, -1.60 
-0.38124766, -1.60 
-0.38107405, -1.59 
-0.38090044, -1.58 
-0.38072683, -1.58 
-0.38055322, -1.59 
-0.38037961, -1.58 
-0.38020600, -1.59 
-0.38003239, -1.59 
-0.37985878, -1.58 
-0.37968517, -1.59 
-0.37951156, -1.59 
-0.37933795, -1.58 
-0.37916434, -1.59 
-0.37899073, -1.59 
-0.37881712, -1.58 
-0.37864351, -1.58 
-0.37846990, -1.58 
-0.37829629, -1.59 
-0.37812268, -1.57 
-0.37794907, -1.58 
-0.37777546, -1.58 
-0.37760185, -1.59 
-0.37742824, -1.57 
-0.37725463, -1.58 
-0.37708102, -1.58 
-0.37690741, -1.57 
-0.37673380, -1.57 
-0.37656019, -1.58 
-0.37638658, -1.58 
-0.37621297, -1.58 
-0.37603936, -1.58 
-0.37586575, -1.56 
-0.37569214, -1.58 
-0.37551853, -1.58 
-0.37534492, -1.57 
-0.37517131, -1.57 
-0.37499770, -1.57 
-0.37482409, -1.57 
-0.37465048, -1.56 
-0.37447687, -1.57 
-0.37430326, -1.57 
-0.37412965, -1.57 
-0.37395604, -1.56 
-0.37378243, -1.56 
-0.37360882, -1.57 
-0.37343521, -1.57 
-0.37326160, -1.57 
-0.37308799, -1.57 
-0.37291438, -1.57 
-0.37274077, -1.56 
-0.37256716, -1.56 
-0.37239355, -1.56 
-0.37221994, -1.57 
-0.37204633, -1.56 
-0.37187272, -1.56 
-0.37169911, -1.56 
-0.37152550, -1.55 
-0.37135189, -1.56 
-0.37117828, -1.55 
-0.37100467, -1.55 
-0.37083106, -1.55 
-0.37065745, -1.55 
-0.37048384, -1.55 
-0.37031023, -1.55 
-0.37013662, -1.56 
-0.36996301, -1.54 
-0.36978940, -1.54 
-0.36961579, -1.54 
-0.36944218, -1.55 
-0.36926857, -1.54 
-0.36909496, -1.55 
-0.36892135, -1.54 
-0.36874774, -1.55 
-0.36857413, -1.54 
-0.36840052, -1.54 
-0.36822691, -1.53 
-0.36805330, -1.54 
-0.36787969, -1.54 
-0.36770608, -1.54 
-0.36753247, -1.53 
-0.36735886, -1.53 
-0.36718525, -1.53 
-0.36701164, -1.53 
-0.36683803, -1.52 
-0.36666442, -1.54 
-0.36649081, -1.53 
-0.36631720, -1.53 
-0.36614359, -1.53 
-0.36596998, -1.53 
-0.36579637, -1.53 
-0.36562276, -1.52 
-0.36544915, -1.53 
-0.36527554, -1.52 
-0.36510193, -1.52 
-0.36492832, -1.52 
-0.36475471, -1.52 
-0.36458110, -1.51 
-0.36440749, -1.52 
-0.36423388, -1.51 
-0.36406027, -1.51 
-0.36388666, -1.51 
-0.36371305, -1.51 
-0.36353944, -1.51 
-0.36336583, -1.51 
-0.36319222, -1.51 
-0.36301861, -1.51 
-0.36284500, -1.51 
-0.36267139, -1.51 
-0.36249778, -1.51 
-0.36232417, -1.50 
-0.36215056, -1.50 
-0.36197695, -1.50 
-0.36180334, -1.50 
-0.36162973, -1.49 
-0.36145612, -1.50 
-0.36128251, -1.49 
-0.36110890, -1.51 
-0.36093529, -1.50 
-0.36076168, -1.49 
-0.36058807, -1.49 
-0.36041446, -1.48 
-0.36024085, -1.49 
-0.36006724, -1.48 
-0.35989363, -1.48 
-0.35972002, -1.48 
-0.35954641, -1.48 
-0.35937280, -1.48 
-0.35919919, -1.48 
-0.35902558, -1.48 
-0.35885197, -1.49 
-0.35867836, -1.47 
-0.35850475, -1.48 
-0.35833114, -1.48 
-0.35815753, -1.47 
-0.35798392, -1.46 
-0.35781031, -1.48 
-0.35763670, -1.47 
-0.35746309, -1.47 
-0.35728948, -1.46 
-0.35711587, -1.47 
-0.35694226, -1.46 
-0.35676865, -1.46 
-0.35659504, -1.45 
-0.35642143, -1.46 
-0.35624782, -1.45 
-0.35607421, -1.45 
-0.35590060, -1.46 
-0.35572699, -1.45 
-0.35555338, -1.45 
-0.35537977, -1.46 
-0.35520616, -1.45 
-0.35503255, -1.44 
-0.35485894, -1.45 
-0.35468533, -1.45 
-0.35451172, -1.45 
-0.35433811, -1.44 
-0.35416450, -1.44 
-0.35399089, -1.44 
-0.35381728, -1.43 
-0.35364367, -1.43 
-0.35347006, -1.44 
-0.35329645, -1.44 
-0.35312284, -1.44 
-0.35294923, -1.43 
-0.35277562, -1.43 
-0.35260201, -1.43 
-0.35242840, -1.42 
-0.35225479, -1.42 
-0.35208118, -1.42 
-0.35190757, -1.42 
-0.35173396, -1.41 
-0.35156035, -1.42 
-0.35138674, -1.42 
-0.35121313, -1.42 
-0.35103952, -1.41 
-0.35086591, -1.42 
-0.35069230, -1.41 
-0.35051869, -1.41 
-0.35034508, -1.40 
-0.35017147, -1.41 
-0.34999786, -1.40 
-0.34982425, -1.40 
-0.34965064, -1.39 
-0.34947703, -1.40 
-0.34930342, -1.39 
-0.34912981, -1.39 
-0.34895620, -1.40 
-0.34878259, -1.39 
-0.34860898, -1.38 
-0.34843537, -1.38 
-0.34826176, -1.37 
-0.34808815, -1.39 
-0.34791454, -1.38 
-0.34774093, -1.38 
-0.34756732, -1.38 
-0.34739371, -1.37 
-0.34722010, -1.37 
-0.34704649, -1.37 
-0.34687288, -1.37 
-0.34669927, -1.37 
-0.34652566, -1.37 
-0.34635205, -1.36 
-0.34617844, -1.36 
-0.34600483, -1.36 
-0.34583122, -1.35 
-0.34565761, -1.36 
-0.34548400, -1.35 
-0.34531039, -1.35 
-0.34513678, -1.35 
-0.34496317, -1.35 
-0.34478956, -1.35 
-0.34461595, -1.34 
-0.34444234, -1.35 
-0.34426873, -1.34 
-0.34409512, -1.34 
-0.34392151, -1.34 
-0.34374790, -1.33 
-0.34357429, -1.33 
-0.34340068, -1.34 
-0.34322707, -1.33 
-0.34305346, -1.33 
-0.34287985, -1.33 
-0.34270624, -1.32 
-0.34253263, -1.31 
-0.34235902, -1.32 
-0.34218541, -1.32 
-0.34201180, -1.32 
-0.34183819, -1.31 
-0.34166458, -1.32 
-0.34149097, -1.30 
-0.34131736, -1.30 
-0.34114375, -1.30 
-0.34097014, -1.30 
-0.34079653, -1.30 
-0.34062292, -1.30 
-0.34044931, -1.30 
-0.34027570, -1.29 
-0.34010209, -1.29 
-0.33992848, -1.29 
-0.33975487, -1.29 
-0.33958126, -1.29 
-0.33940765, -1.28 
-0.33923404, -1.28 
-0.33906043, -1.28 
-0.33888682, -1.28 
-0.33871321, -1.27 
-0.33853960, -1.28 
-0.33836599, -1.27 
-0.33819238, -1.27 
-0.33801877, -1.27 
-0.33784516, -1.26 
-0.33767155, -1.27 
-0.33749794, -1.26 
-0.33732433, -1.26 
-0.33715072, -1.26 
-0.33697711, -1.26 
-0.33680350, -1.25 
-0.33662989, -1.26 
-0.33645628, -1.25 
-0.33628267, -1.24 
-0.33610906, -1.25 
-0.33593545, -1.24 
-0.33576184, -1.24 
-0.33558823, -1.23 
-0.33541462, -1.24 
-0.33524101, -1.24 
-0.33506740, -1.24 
-0.33489379, -1.23 
-0.33472018, -1.23 
-0.33454657, -1.22 
-0.33437296, -1.22 
-0.33419935, -1.22 
-0.33402574, -1.21 
-0.33385213, -1.21 
-0.33367852, -1.21 
-0.33350491, -1.21 
-0.33333130, -1.21 
-0.33315769, -1.20 
-0.33298408, -1.21 
-0.33281047, -1.20 
-0.33263686, -1.20 
-0.33246325, -1.19 
-0.33228964, -1.20 
-0.33211603, -1.19 
-0.33194242, -1.19 
-0.33176881, -1.19 
-0.33159520, -1.19 
-0.33142159, -1.19 
-0.33124798, -1.18 
-0.33107437, -1.18 
-0.33090076, -1.18 
-0.33072715, -1.19 
-0.33055354, -1.17 
-0.33037993, -1.17 
-0.33020632, -1.18 
-0.33003271, -1.17 
-0.32985910, -1.15 
-0.32968549, -1.16 
-0.32951188, -1.16 
-0.32933827, -1.15 
-0.32916466, -1.15 
-0.32899105, -1.14 
-0.32881744, -1.15 
-0.32864383, -1.15 
-0.32847022, -1.14 
-0.32829661, -1.14 
-0.32812300, -1.13 
-0.32794939, -1.14 
-0.32777578, -1.13 
-0.32760217, -1.13 
-0.32742856, -1.13 
-0.32725495, -1.12 
-0.32708134, -1.13 
-0.32690773, -1.11 
-0.32673412, -1.12 
-0.32656051, -1.12 
-0.32638690, -1.10 
-0.32621329, -1.11 
-0.32603968, -1.11 
-0.32586607, -1.10 
-0.32569246, -1.10 
-0.32551885, -1.10 
-0.32534524, -1.10 
-0.32517163, -1.09 
-0.32499802, -1.10 
-0.32482441, -1.09 
-0.32465080, -1.09 
-0.32447719, -1.09 
-0.32430358, -1.08 
-0.32412997, -1.07 
-0.32395636, -1.08 
-0.32378275, -1.07 
-0.32360914, -1.07 
-0.32343553, -1.07 
-0.32326192, -1.07 
-0.32308831, -1.07 
-0.32291470, -1.06 
-0.32274109, -1.05 
-0.32256748, -1.06 
-0.32239387, -1.06 
-0.32222026, -1.06 
-0.32204665, -1.04 
-0.32187304, -1.05 
-0.32169943, -1.03 
-0.32152582, -1.04 
-0.32135221, -1.04 
-0.32117860, -1.04 
-0.32100499, -1.03 
-0.32083138, -1.02 
-0.32065777, -1.02 
-0.32048416, -1.03 
-0.32031055, -1.02 
-0.32013694, -1.03 
-0.31996333, -1.01 
-0.31978972, -1.01 
-0.31961611, -1.01 
-0.31944250, -1.01 
-0.31926889, -1.00 
-0.31909528, -1.00 
-0.31892167, -1.00 
-0.31874806, -1.01 
-0.31857445, -0.99 
-0.31840084, -0.99 
-0.31822723, -1.00 
-0.31805362, -0.99 
-0.31788001, -0.99 
-0.31770640, -0.98 
-0.31753279, -0.98 
-0.31735918, -0.98 
-0.31718557, -0.98 
-0.31701196, -0.97 
-0.31683835, -0.96 
-0.31666474, -0.96 
-0.31649113, -0.96 
-0.31631752, -0.97 
-0.31614391, -0.96 
-0.31597030, -0.95 
-0.31579669, -0.95 
-0.31562308, -0.95 
-0.31544947, -0.94 
-0.31527586, -0.94 
-0.31510225, -0.94 
-0.31492864, -0.94 
-0.31475503, -0.92 
-0.31458142, -0.93 
-0.31440781, -0.94 
-0.31423420, -0.93 
-0.31406059, -0.92 
-0.31388698, -0.92 
-0.31371337, -0.91 
-0.31353976, -0.92 
-0.31336615, -0.91 
-0.31319254, -0.91 
-0.31301893, -0.90 
-0.31284532, -0.90 
-0.31267171, -0.90 
-0.31249810, -0.89 
-0.31232449, -0.89 
-0.31215088, -0.89 
-0.31197727, -0.89 
-0.31180366, -0.89 
-0.31163005, -0.88 
-0.31145644, -0.87 
-0.31128283, -0.87 
-0.31110922, -0.88 
-0.31093561, -0.88 
-0.31076200, -0.86 
-0.31058839, -0.86 
-0.31041478, -0.86 
-0.31024117, -0.85 
-0.31006756, -0.86 
-0.30989395, -0.85 
-0.30972034, -0.84 
-0.30954673, -0.84 
-0.30937312, -0.85 
-0.30919951, -0.84 
-0.30902590, -0.83 
-0.30885229, -0.83 
-0.30867868, -0.83 
-0.30850507, -0.83 
-0.30833146, -0.83 
-0.30815785, -0.81 
-0.30798424, -0.82 
-0.30781063, -0.83 
-0.30763702, -0.82 
-0.30746341, -0.81 
-0.30728980, -0.82 
-0.30711619, -0.80 
-0.30694258, -0.81 
-0.30676897, -0.80 
-0.30659536, -0.80 
-0.30642175, -0.79 
-0.30624814, -0.79 
-0.30607453, -0.79 
-0.30590092, -0.78 
-0.30572731, -0.78 
-0.30555370, -0.78 
-0.30538009, -0.77 
-0.30520648, -0.77 
-0.30503287, -0.77 
-0.30485926, -0.77 
-0.30468565, -0.76 
-0.30451204, -0.76 
-0.30433843, -0.76 
-0.30416482, -0.76 
-0.30399121, -0.74 
-0.30381760, -0.74 
-0.30364399, -0.75 
-0.30347038, -0.74 
-0.30329677, -0.74 
-0.30312316, -0.74 
-0.30294955, -0.74 
-0.30277594, -0.73 
-0.30260233, -0.73 
-0.30242872, -0.72 
-0.30225511, -0.72 
-0.30208150, -0.72 
-0.30190789, -0.71 
-0.30173428, -0.71 
-0.30156067, -0.71 
-0.30138706, -0.69 
-0.30121345, -0.70 
-0.30103984, -0.70 
-0.30086623, -0.69 
-0.30069262, -0.68 
-0.30051901, -0.69 
-0.30034540, -0.69 
-0.30017179, -0.69 
-0.29999818, -0.69 
-0.29982457, -0.67 
-0.29965096, -0.67 
-0.29947735, -0.67 
-0.29930374, -0.67 
-0.29913013, -0.66 
-0.29895652, -0.65 
-0.29878291, -0.65 
-0.29860930, -0.66 
-0.29843569, -0.65 
-0.29826208, -0.64 
-0.29808847, -0.64 
-0.29791486, -0.63 
-0.29774125, -0.63 
-0.29756764, -0.63 
-0.29739403, -0.62 
-0.29722042, -0.63 
-0.29704681, -0.63 
-0.29687320, -0.62 
-0.29669959, -0.62 
-0.29652598, -0.63 
-0.29635237, -0.60 
-0.29617876, -0.61 
-0.29600515, -0.61 
-0.29583154, -0.60 
-0.29565793, -0.61 
-0.29548432, -0.60 
-0.29531071, -0.59 
-0.29513710, -0.59 
-0.29496349, -0.59 
-0.29478988, -0.59 
-0.29461627, -0.58 
-0.29444266, -0.57 
-0.29426905, -0.57 
-0.29409544, -0.57 
-0.29392183, -0.56 
-0.29374822, -0.56 
-0.29357461, -0.56 
-0.29340100, -0.55 
-0.29322739, -0.55 
-0.29305378, -0.56 
-0.29288017, -0.54 
-0.29270656, -0.53 
-0.29253295, -0.54 
-0.29235934, -0.53 
-0.29218573, -0.54 
-0.29201212, -0.53 
-0.29183851, -0.52 
-0.29166490, -0.53 
-0.29149129, -0.53 
-0.29131768, -0.51 
-0.29114407, -0.52 
-0.29097046, -0.51 
-0.29079685, -0.50 
-0.29062324, -0.50 
-0.29044963, -0.50 
-0.29027602, -0.49 
-0.29010241, -0.49 
-0.28992880, -0.50 
-0.28975519, -0.48 
-0.28958158, -0.49 
-0.28940797, -0.48 
-0.28923436, -0.47 
-0.28906075, -0.47 
-0.28888714, -0.47 
-0.28871353, -0.46 
-0.28853992, -0.47 
-0.28836631, -0.45 
-0.28819270, -0.46 
-0.28801909, -0.46 
-0.28784548, -0.46 
-0.28767187, -0.45 
-0.28749826, -0.44 
-0.28732465, -0.45 
-0.28715104, -0.43 
-0.28697743, -0.44 
-0.28680382, -0.43 
-0.28663021, -0.43 
-0.28645660, -0.42 
-0.28628299, -0.42 
-0.28610938, -0.42 
-0.28593577, -0.41 
-0.28576216, -0.41 
-0.28558855, -0.41 
-0.28541494, -0.40 
-0.28524133, -0.40 
-0.28506772, -0.39 
-0.28489411, -0.39 
-0.28472050, -0.38 
-0.28454689, -0.38 
-0.28437328, -0.38 
-0.28419967, -0.37 
-0.28402606, -0.37 
-0.28385245, -0.37 
-0.28367884, -0.36 
-0.28350523, -0.36 
-0.28333162, -0.35 
-0.28315801, -0.36 
-0.28298440, -0.37 
-0.28281079, -0.36 
-0.28263718, -0.34 
-0.28246357, -0.34 
-0.28228996, -0.34 
-0.28211635, -0.33 
-0.28194274, -0.33 
-0.28176913, -0.32 
-0.28159552, -0.33 
-0.28142191, -0.33 
-0.28124830, -0.32 
-0.28107469, -0.31 
-0.28090108, -0.32 
-0.28072747, -0.31 
-0.28055386, -0.31 
-0.28038025, -0.30 
-0.28020664, -0.30 
-0.28003303, -0.29 
-0.27985942, -0.30 
-0.27968581, -0.29 
-0.27951220, -0.29 
-0.27933859, -0.28 
-0.27916498, -0.29 
-0.27899137, -0.28 
-0.27881776, -0.27 
-0.27864415, -0.27 
-0.27847054, -0.27 
-0.27829693, -0.27 
-0.27812332, -0.27 
-0.27794971, -0.26 
-0.27777610, -0.25 
-0.27760249, -0.24 
-0.27742888, -0.25 
-0.27725527, -0.24 
-0.27708166, -0.24 
-0.27690805, -0.24 
-0.27673444, -0.22 
-0.27656083, -0.23 
-0.27638722, -0.22 
-0.27621361, -0.23 
-0.27604000, -0.22 
-0.27586639, -0.22 
-0.27569278, -0.21 
-0.27551917, -0.20 
-0.27534556, -0.20 
-0.27517195, -0.20 
-0.27499834, -0.20 
-0.27482473, -0.20 
-0.27465112, -0.19 
-0.27447751, -0.19 
-0.27430390, -0.18 
-0.27413029, -0.18 
-0.27395668, -0.17 
-0.27378307, -0.17 
-0.27360946, -0.17 
-0.27343585, -0.16 
-0.27326224, -0.16 
-0.27308863, -0.16 
-0.27291502, -0.16 
-0.27274141, -0.15 
-0.27256780, -0.16 
-0.27239419, -0.15 
-0.27222058, -0.14 
-0.27204697, -0.14 
-0.27187336, -0.14 
-0.27169975, -0.13 
-0.27152614, -0.13 
-0.27135253, -0.13 
-0.27117892, -0.13 
-0.27100531, -0.12 
-0.27083170, -0.12 
-0.27065809, -0.11 
-0.27048448, -0.10 
-0.27031087, -0.10 
-0.27013726, -0.10 
-0.26996365, -0.10 
-0.26979004, -0.09 
-0.26961643, -0.09 
-0.26944282, -0.09 
-0.26926921, -0.08 
-0.26909560, -0.10 
-0.26892199, -0.08 
-0.26874838, -0.06 
-0.26857477, -0.07 
-0.26840116, -0.06 
-0.26822755, -0.06 
-0.26805394, -0.05 
-0.26788033, -0.05 
-0.26770672, -0.06 
-0.26753311, -0.04 
-0.26735950, -0.05 
-0.26718589, -0.04 
-0.26701228, -0.04 
-0.26683867, -0.04 
-0.26666506, -0.03 
-0.26649145, -0.03 
-0.26631784, -0.02 
-0.26614423, -0.02 
-0.26597062, -0.02 
-0.26579701, -0.01 
-0.26562340, -0.01 
-0.26544979, -0.01 
-0.26527618,  0.01 
-0.26510257, -0.00 
-0.26492896,  0.00 
-0.26475535,  0.01 
-0.26458174,  0.02 
-0.26440813,  0.01 
-0.26423452,  0.02 
-0.26406091,  0.02 
-0.26388730,  0.03 
-0.26371369,  0.03 
-0.26354008,  0.03 
-0.26336647,  0.04 
-0.26319286,  0.04 
-0.26301925,  0.04 
-0.26284564,  0.04 
-0.26267203,  0.05 
-0.26249842,  0.06 
-0.26232481,  0.06 
-0.26215120,  0.06 
-0.26197759,  0.07 
-0.26180398,  0.07 
-0.26163037,  0.07 
-0.26145676,  0.08 
-0.26128315,  0.08 
-0.26110954,  0.09 
-0.26093593,  0.08 
-0.26076232,  0.09 
-0.26058871,  0.09 
-0.26041510,  0.10 
-0.26024149,  0.10 
-0.26006788,  0.11 
-0.25989427,  0.11 
-0.25972066,  0.10 
-0.25954705,  0.12 
-0.25937344,  0.11 
-0.25919983,  0.11 
-0.25902622,  0.13 
-0.25885261,  0.13 
-0.25867900,  0.12 
-0.25850539,  0.14 
-0.25833178,  0.13 
-0.25815817,  0.14 
-0.25798456,  0.14 
-0.25781095,  0.15 
-0.25763734,  0.15 
-0.25746373,  0.16 
-0.25729012,  0.16 
-0.25711651,  0.15 
-0.25694290,  0.17 
-0.25676929,  0.16 
-0.25659568,  0.17 
-0.25642207,  0.18 
-0.25624846,  0.18 
-0.25607485,  0.19 
-0.25590124,  0.19 
-0.25572763,  0.19 
-0.25555402,  0.20 
-0.25538041,  0.19 
-0.25520680,  0.20 
-0.25503319,  0.21 
-0.25485958,  0.22 
-0.25468597,  0.21 
-0.25451236,  0.22 
-0.25433875,  0.22 
-0.25416514,  0.22 
-0.25399153,  0.23 
-0.25381792,  0.23 
-0.25364431,  0.23 
-0.25347070,  0.23 
-0.25329709,  0.24 
-0.25312348,  0.24 
-0.25294987,  0.24 
-0.25277626,  0.25 
-0.25260265,  0.25 
-0.25242904,  0.26 
-0.25225543,  0.26 
-0.25208182,  0.27 
-0.25190821,  0.27 
-0.25173460,  0.28 
-0.25156099,  0.27 
-0.25138738,  0.28 
-0.25121377,  0.28 
-0.25104016,  0.28 
-0.25086655,  0.29 
-0.25069294,  0.29 
-0.25051933,  0.30 
-0.25034572,  0.31 
-0.25017211,  0.30 
-0.24999850,  0.31 
-0.24982489,  0.31 
-0.24965128,  0.32 
-0.24947767,  0.32 
-0.24930406,  0.32 
-0.24913045,  0.32 
-0.24895684,  0.32 
-0.24878323,  0.32 
-0.24860962,  0.32 
-0.24843601,  0.33 
-0.24826240,  0.33 
-0.24808879,  0.35 
-0.24791518,  0.34 
-0.24774157,  0.35 
-0.24756796,  0.35 
-0.24739435,  0.35 
-0.24722074,  0.35 
-0.24704713,  0.36 
-0.24687352,  0.36 
-0.24669991,  0.37 
-0.24652630,  0.38 
-0.24635269,  0.38 
-0.24617908,  0.38 
-0.24600547,  0.38 
-0.24583186,  0.39 
-0.24565825,  0.39 
-0.24548464,  0.41 
-0.24531103,  0.40 
-0.24513742,  0.40 
-0.24496381,  0.40 
-0.24479020,  0.40 
-0.24461659,  0.41 
-0.24444298,  0.42 
-0.24426937,  0.43 
-0.24409576,  0.43 
-0.24392215,  0.42 
-0.24374854,  0.43 
-0.24357493,  0.44 
-0.24340132,  0.43 
-0.24322771,  0.43 
-0.24305410,  0.43 
-0.24288049,  0.45 
-0.24270688,  0.45 
-0.24253327,  0.44 
-0.24235966,  0.45 
-0.24218605,  0.46 
-0.24201244,  0.46 
-0.24183883,  0.46 
-0.24166522,  0.47 
-0.24149161,  0.48 
-0.24131800,  0.47 
-0.24114439,  0.47 
-0.24097078,  0.48 
-0.24079717,  0.48 
-0.24062356,  0.49 
-0.24044995,  0.49 
-0.24027634,  0.49 
-0.24010273,  0.49 
-0.23992912,  0.50 
-0.23975551,  0.51 
-0.23958190,  0.50 
-0.23940829,  0.50 
-0.23923468,  0.51 
-0.23906107,  0.51 
-0.23888746,  0.52 
-0.23871385,  0.52 
-0.23854024,  0.52 
-0.23836663,  0.52 
-0.23819302,  0.54 
-0.23801941,  0.54 
-0.23784580,  0.53 
-0.23767219,  0.53 
-0.23749858,  0.55 
-0.23732497,  0.54 
-0.23715136,  0.55 
-0.23697775,  0.56 
-0.23680414,  0.57 
-0.23663053,  0.56 
-0.23645692,  0.57 
-0.23628331,  0.57 
-0.23610970,  0.57 
-0.23593609,  0.58 
-0.23576248,  0.58 
-0.23558887,  0.58 
-0.23541526,  0.58 
-0.23524165,  0.59 
-0.23506804,  0.59 
-0.23489443,  0.61 
-0.23472082,  0.61 
-0.23454721,  0.61 
-0.23437360,  0.60 
-0.23419999,  0.60 
-0.23402638,  0.62 
-0.23385277,  0.62 
-0.23367916,  0.61 
-0.23350555,  0.62 
-0.23333194,  0.63 
-0.23315833,  0.62 
-0.23298472,  0.63 
-0.23281111,  0.63 
-0.23263750,  0.64 
-0.23246389,  0.64 
-0.23229028,  0.64 
-0.23211667,  0.65 
-0.23194306,  0.65 
-0.23176945,  0.66 
-0.23159584,  0.65 
-0.23142223,  0.66 
-0.23124862,  0.66 
-0.23107501,  0.67 
-0.23090140,  0.67 
-0.23072779,  0.67 
-0.23055418,  0.68 
-0.23038057,  0.68 
-0.23020696,  0.69 
-0.23003335,  0.68 
-0.22985974,  0.69 
-0.22968613,  0.69 
-0.22951252,  0.68 
-0.22933891,  0.69 
-0.22916530,  0.69 
-0.22899169,  0.69 
-0.22881808,  0.70 
-0.22864447,  0.72 
-0.22847086,  0.71 
-0.22829725,  0.72 
-0.22812364,  0.71 
-0.22795003,  0.71 
-0.22777642,  0.73 
-0.22760281,  0.73 
-0.22742920,  0.73 
-0.22725559,  0.73 
-0.22708198,  0.74 
-0.22690837,  0.74 
-0.22673476,  0.74 
-0.22656115,  0.75 
-0.22638754,  0.75 
-0.22621393,  0.76 
-0.22604032,  0.76 
-0.22586671,  0.76 
-0.22569310,  0.77 
-0.22551949,  0.77 
-0.22534588,  0.77 
-0.22517227,  0.76 
-0.22499866,  0.77 
-0.22482505,  0.78 
-0.22465144,  0.78 
-0.22447783,  0.79 
-0.22430422,  0.79 
-0.22413061,  0.78 
-0.22395700,  0.79 
-0.22378339,  0.80 
-0.22360978,  0.80 
-0.22343617,  0.80 
-0.22326256,  0.82 
-0.22308895,  0.81 
-0.22291534,  0.81 
-0.22274173,  0.83 
-0.22256812,  0.81 
-0.22239451,  0.82 
-0.22222090,  0.82 
-0.22204729,  0.82 
-0.22187368,  0.82 
-0.22170007,  0.83 
-0.22152646,  0.84 
-0.22135285,  0.83 
-0.22117924,  0.84 
-0.22100563,  0.84 
-0.22083202,  0.85 
-0.22065841,  0.85 
-0.22048480,  0.84 
-0.22031119,  0.86 
-0.22013758,  0.86 
-0.21996397,  0.87 
-0.21979036,  0.86 
-0.21961675,  0.86 
-0.21944314,  0.87 
-0.21926953,  0.88 
-0.21909592,  0.87 
-0.21892231,  0.88 
-0.21874870,  0.88 
-0.21857509,  0.89 
-0.21840148,  0.89 
-0.21822787,  0.90 
-0.21805426,  0.89 
-0.21788065,  0.89 
-0.21770704,  0.90 
-0.21753343,  0.91 
-0.21735982,  0.91 
-0.21718621,  0.91 
-0.21701260,  0.91 
-0.21683899,  0.91 
-0.21666538,  0.92 
-0.21649177,  0.93 
-0.21631816,  0.93 
-0.21614455,  0.93 
-0.21597094,  0.94 
-0.21579733,  0.93 
-0.21562372,  0.93 
-0.21545011,  0.94 
-0.21527650,  0.93 
-0.21510289,  0.94 
-0.21492928,  0.95 
-0.21475567,  0.95 
-0.21458206,  0.95 
-0.21440845,  0.95 
-0.21423484,  0.96 
-0.21406123,  0.96 
-0.21388762,  0.97 
-0.21371401,  0.97 
-0.21354040,  0.97 
-0.21336679,  0.97 
-0.21319318,  0.97 
-0.21301957,  0.97 
-0.21284596,  0.97 
-0.21267235,  0.98 
-0.21249874,  0.98 
-0.21232513,  0.99 
-0.21215152,  0.99 
-0.21197791,  0.99 
-0.21180430,  0.99 
-0.21163069,  1.00 
-0.21145708,  0.99 
-0.21128347,  1.00 
-0.21110986,  1.01 
-0.21093625,  1.01 
-0.21076264,  1.01 
-0.21058903,  1.01 
-0.21041542,  1.02 
-0.21024181,  1.02 
-0.21006820,  1.02 
-0.20989459,  1.01 
-0.20972098,  1.03 
-0.20954737,  1.02 
-0.20937376,  1.03 
-0.20920015,  1.03 
-0.20902654,  1.04 
-0.20885293,  1.03 
-0.20867932,  1.04 
-0.20850571,  1.04 
-0.20833210,  1.05 
-0.20815849,  1.05 
-0.20798488,  1.06 
-0.20781127,  1.05 
-0.20763766,  1.06 
-0.20746405,  1.06 
-0.20729044,  1.07 
-0.20711683,  1.07 
-0.20694322,  1.06 
-0.20676961,  1.08 
-0.20659600,  1.08 
-0.20642239,  1.08 
-0.20624878,  1.08 
-0.20607517,  1.09 
-0.20590156,  1.08 
-0.20572795,  1.09 
-0.20555434,  1.09 
-0.20538073,  1.09 
-0.20520712,  1.10 
-0.20503351,  1.10 
-0.20485990,  1.10 
-0.20468629,  1.10 
-0.20451268,  1.11 
-0.20433907,  1.10 
-0.20416546,  1.11 
-0.20399185,  1.12 
-0.20381824,  1.12 
-0.20364463,  1.12 
-0.20347102,  1.12 
-0.20329741,  1.13 
-0.20312380,  1.13 
-0.20295019,  1.12 
-0.20277658,  1.13 
-0.20260297,  1.14 
-0.20242936,  1.14 
-0.20225575,  1.14 
-0.20208214,  1.14 
-0.20190853,  1.15 
-0.20173492,  1.15 
-0.20156131,  1.14 
-0.20138770,  1.16 
-0.20121409,  1.15 
-0.20104048,  1.16 
-0.20086687,  1.16 
-0.20069326,  1.16 
-0.20051965,  1.16 
-0.20034604,  1.18 
-0.20017243,  1.16 
-0.19999882,  1.17 
-0.19982521,  1.17 
-0.19965160,  1.18 
-0.19947799,  1.17 
-0.19930438,  1.19 
-0.19913077,  1.18 
-0.19895716,  1.18 
-0.19878355,  1.19 
-0.19860994,  1.19 
-0.19843633,  1.19 
-0.19826272,  1.20 
-0.19808911,  1.19 
-0.19791550,  1.20 
-0.19774189,  1.19 
-0.19756828,  1.20 
-0.19739467,  1.20 
-0.19722106,  1.20 
-0.19704745,  1.20 
-0.19687384,  1.21 
-0.19670023,  1.21 
-0.19652662,  1.21 
-0.19635301,  1.22 
-0.19617940,  1.21 
-0.19600579,  1.23 
-0.19583218,  1.23 
-0.19565857,  1.23 
-0.19548496,  1.23 
-0.19531135,  1.22 
-0.19513774,  1.24 
-0.19496413,  1.23 
-0.19479052,  1.24 
-0.19461691,  1.24 
-0.19444330,  1.24 
-0.19426969,  1.25 
-0.19409608,  1.25 
-0.19392247,  1.25 
-0.19374886,  1.25 
-0.19357525,  1.26 
-0.19340164,  1.25 
-0.19322803,  1.27 
-0.19305442,  1.26 
-0.19288081,  1.28 
-0.19270720,  1.26 
-0.19253359,  1.27 
-0.19235998,  1.27 
-0.19218637,  1.27 
-0.19201276,  1.27 
-0.19183915,  1.28 
-0.19166554,  1.28 
-0.19149193,  1.28 
-0.19131832,  1.28 
-0.19114471,  1.28 
-0.19097110,  1.28 
-0.19079749,  1.29 
-0.19062388,  1.30 
-0.19045027,  1.30 
-0.19027666,  1.28 
-0.19010305,  1.30 
-0.18992944,  1.29 
-0.18975583,  1.30 
-0.18958222,  1.30 
-0.18940861,  1.30 
-0.18923500,  1.31 
-0.18906139,  1.31 
-0.18888778,  1.31 
-0.18871417,  1.31 
-0.18854056,  1.31 
-0.18836695,  1.32 
-0.18819334,  1.32 
-0.18801973,  1.32 
-0.18784612,  1.33 
-0.18767251,  1.32 
-0.18749890,  1.32 
-0.18732529,  1.32 
-0.18715168,  1.33 
-0.18697807,  1.34 
-0.18680446,  1.33 
-0.18663085,  1.32 
-0.18645724,  1.34 
-0.18628363,  1.34 
-0.18611002,  1.34 
-0.18593641,  1.35 
-0.18576280,  1.36 
-0.18558919,  1.35 
-0.18541558,  1.36 
-0.18524197,  1.34 
-0.18506836,  1.35 
-0.18489475,  1.36 
-0.18472114,  1.36 
-0.18454753,  1.36 
-0.18437392,  1.36 
-0.18420031,  1.36 
-0.18402670,  1.37 
-0.18385309,  1.36 
-0.18367948,  1.36 
-0.18350587,  1.37 
-0.18333226,  1.37 
-0.18315865,  1.38 
-0.18298504,  1.38 
-0.18281143,  1.38 
-0.18263782,  1.38 
-0.18246421,  1.37 
-0.18229060,  1.38 
-0.18211699,  1.38 
-0.18194338,  1.38 
-0.18176977,  1.38 
-0.18159616,  1.38 
-0.18142255,  1.38 
-0.18124894,  1.38 
-0.18107533,  1.39 
-0.18090172,  1.40 
-0.18072811,  1.41 
-0.18055450,  1.40 
-0.18038089,  1.40 
-0.18020728,  1.40 
-0.18003367,  1.40 
-0.17986006,  1.40 
-0.17968645,  1.41 
-0.17951284,  1.41 
-0.17933923,  1.42 
-0.17916562,  1.41 
-0.17899201,  1.42 
-0.17881840,  1.42 
-0.17864479,  1.41 
-0.17847118,  1.42 
-0.17829757,  1.42 
-0.17812396,  1.43 
-0.17795035,  1.42 
-0.17777674,  1.43 
-0.17760313,  1.42 
-0.17742952,  1.42 
-0.17725591,  1.44 
-0.17708230,  1.44 
-0.17690869,  1.43 
-0.17673508,  1.44 
-0.17656147,  1.44 
-0.17638786,  1.44 
-0.17621425,  1.44 
-0.17604064,  1.44 
-0.17586703,  1.44 
-0.17569342,  1.45 
-0.17551981,  1.44 
-0.17534620,  1.45 
-0.17517259,  1.45 
-0.17499898,  1.45 
-0.17482537,  1.45 
-0.17465176,  1.45 
-0.17447815,  1.45 
-0.17430454,  1.45 
-0.17413093,  1.46 
-0.17395732,  1.46 
-0.17378371,  1.46 
-0.17361010,  1.46 
-0.17343649,  1.46 
-0.17326288,  1.46 
-0.17308927,  1.46 
-0.17291566,  1.47 
-0.17274205,  1.47 
-0.17256844,  1.47 
-0.17239483,  1.48 
-0.17222122,  1.47 
-0.17204761,  1.47 
-0.17187400,  1.48 
-0.17170039,  1.48 
-0.17152678,  1.48 
-0.17135317,  1.47 
-0.17117956,  1.47 
-0.17100595,  1.49 
-0.17083234,  1.49 
-0.17065873,  1.49 
-0.17048512,  1.49 
-0.17031151,  1.50 
-0.17013790,  1.49 
-0.16996429,  1.49 
-0.16979068,  1.49 
-0.16961707,  1.49 
-0.16944346,  1.49 
-0.16926985,  1.51 
-0.16909624,  1.49 
-0.16892263,  1.50 
-0.16874902,  1.49 
-0.16857541,  1.50 
-0.16840180,  1.50 
-0.16822819,  1.50 
-0.16805458,  1.50 
-0.16788097,  1.51 
-0.16770736,  1.51 
-0.16753375,  1.51 
-0.16736014,  1.50 
-0.16718653,  1.50 
-0.16701292,  1.51 
-0.16683931,  1.51 
-0.16666570,  1.51 
-0.16649209,  1.51 
-0.16631848,  1.51 
-0.16614487,  1.52 
-0.16597126,  1.52 
-0.16579765,  1.52 
-0.16562404,  1.52 
-0.16545043,  1.53 
-0.16527682,  1.52 
-0.16510321,  1.54 
-0.16492960,  1.53 
-0.16475599,  1.52 
-0.16458238,  1.52 
-0.16440877,  1.52 
-0.16423516,  1.53 
-0.16406155,  1.52 
-0.16388794,  1.53 
-0.16371433,  1.53 
-0.16354072,  1.53 
-0.16336711,  1.53 
-0.16319350,  1.53 
-0.16301989,  1.52 
-0.16284628,  1.54 
-0.16267267,  1.54 
-0.16249906,  1.53 
-0.16232545,  1.53 
-0.16215184,  1.54 
-0.16197823,  1.53 
-0.16180462,  1.54 
-0.16163101,  1.54 
-0.16145740,  1.54 
-0.16128379,  1.54 
-0.16111018,  1.54 
-0.16093657,  1.55 
-0.16076296,  1.55 
-0.16058935,  1.55 
-0.16041574,  1.54 
-0.16024213,  1.55 
-0.16006852,  1.56 
-0.15989491,  1.54 
-0.15972130,  1.56 
-0.15954769,  1.55 
-0.15937408,  1.56 
-0.15920047,  1.55 
-0.15902686,  1.56 
-0.15885325,  1.56 
-0.15867964,  1.56 
-0.15850603,  1.56 
-0.15833242,  1.57 
-0.15815881,  1.56 
-0.15798520,  1.56 
-0.15781159,  1.56 
-0.15763798,  1.57 
-0.15746437,  1.57 
-0.15729076,  1.56 
-0.15711715,  1.57 
-0.15694354,  1.56 
-0.15676993,  1.56 
-0.15659632,  1.57 
-0.15642271,  1.57 
-0.15624910,  1.57 
-0.15607549,  1.57 
-0.15590188,  1.56 
-0.15572827,  1.56 
-0.15555466,  1.57 
-0.15538105,  1.56 
-0.15520744,  1.57 
-0.15503383,  1.58 
-0.15486022,  1.58 
-0.15468661,  1.57 
-0.15451300,  1.58 
-0.15433939,  1.57 
-0.15416578,  1.58 
-0.15399217,  1.58 
-0.15381856,  1.58 
-0.15364495,  1.58 
-0.15347134,  1.58 
-0.15329773,  1.58 
-0.15312412,  1.58 
-0.15295051,  1.57 
-0.15277690,  1.57 
-0.15260329,  1.58 
-0.15242968,  1.58 
-0.15225607,  1.57 
-0.15208246,  1.57 
-0.15190885,  1.58 
-0.15173524,  1.58 
-0.15156163,  1.59 
-0.15138802,  1.58 
-0.15121441,  1.59 
-0.15104080,  1.60 
-0.15086719,  1.59 
-0.15069358,  1.58 
-0.15051997,  1.58 
-0.15034636,  1.59 
-0.15017275,  1.59 
-0.14999914,  1.59 
-0.14982553,  1.59 
-0.14965192,  1.59 
-0.14947831,  1.59 
-0.14930470,  1.59 
-0.14913109,  1.60 
-0.14895748,  1.59 
-0.14878387,  1.59 
-0.14861026,  1.59 
-0.14843665,  1.59 
-0.14826304,  1.59 
-0.14808943,  1.59 
-0.14791582,  1.58 
-0.14774221,  1.59 
-0.14756860,  1.59 
-0.14739499,  1.59 
-0.14722138,  1.59 
-0.14704777,  1.60 
-0.14687416,  1.59 
-0.14670055,  1.59 
-0.14652694,  1.59 
-0.14635333,  1.60 
-0.14617972,  1.60 
-0.14600611,  1.59 
-0.14583250,  1.59 
-0.14565889,  1.60 
-0.14548528,  1.60 
-0.14531167,  1.61 
-0.14513806,  1.60 
-0.14496445,  1.59 
-0.14479084,  1.59 
-0.14461723,  1.59 
-0.14444362,  1.60 
-0.14427001,  1.60 
-0.14409640,  1.60 
-0.14392279,  1.60 
-0.14374918,  1.60 
-0.14357557,  1.61 
-0.14340196,  1.60 
-0.14322835,  1.60 
-0.14305474,  1.61 
-0.14288113,  1.60 
-0.14270752,  1.60 
-0.14253391,  1.60 
-0.14236030,  1.59 
-0.14218669,  1.59 
-0.14201308,  1.60 
-0.14183947,  1.59 
-0.14166586,  1.60 
-0.14149225,  1.60 
-0.14131864,  1.60 
-0.14114503,  1.60 
-0.14097142,  1.60 
-0.14079781,  1.61 
-0.14062420,  1.60 
-0.14045059,  1.60 
-0.14027698,  1.60 
-0.14010337,  1.60 
-0.13992976,  1.60 
-0.13975615,  1.59 
-0.13958254,  1.60 
-0.13940893,  1.60 
-0.13923532,  1.60 
-0.13906171,  1.61 
-0.13888810,  1.60 
-0.13871449,  1.60 
-0.13854088,  1.60 
-0.13836727,  1.61 
-0.13819366,  1.61 
-0.13802005,  1.61 
-0.13784644,  1.60 
-0.13767283,  1.60 
-0.13749922,  1.60 
-0.13732561,  1.60 
-0.13715200,  1.60 
-0.13697839,  1.60 
-0.13680478,  1.60 
-0.13663117,  1.60 
-0.13645756,  1.60 
-0.13628395,  1.60 
-0.13611034,  1.60 
-0.13593673,  1.60 
-0.13576312,  1.59 
-0.13558951,  1.60 
-0.13541590,  1.60 
-0.13524229,  1.59 
-0.13506868,  1.60 
-0.13489507,  1.60 
-0.13472146,  1.60 
-0.13454785,  1.59 
-0.13437424,  1.60 
-0.13420063,  1.61 
-0.13402702,  1.59 
-0.13385341,  1.60 
-0.13367980,  1.59 
-0.13350619,  1.59 
-0.13333258,  1.59 
-0.13315897,  1.60 
-0.13298536,  1.59 
-0.13281175,  1.59 
-0.13263814,  1.60 
-0.13246453,  1.60 
-0.13229092,  1.60 
-0.13211731,  1.59 
-0.13194370,  1.59 
-0.13177009,  1.58 
-0.13159648,  1.60 
-0.13142287,  1.58 
-0.13124926,  1.59 
-0.13107565,  1.60 
-0.13090204,  1.59 
-0.13072843,  1.59 
-0.13055482,  1.58 
-0.13038121,  1.59 
-0.13020760,  1.59 
-0.13003399,  1.58 
-0.12986038,  1.59 
-0.12968677,  1.58 
-0.12951316,  1.58 
-0.12933955,  1.58 
-0.12916594,  1.58 
-0.12899233,  1.60 
-0.12881872,  1.58 
-0.12864511,  1.58 
-0.12847150,  1.58 
-0.12829789,  1.58 
-0.12812428,  1.57 
-0.12795067,  1.58 
-0.12777706,  1.58 
-0.12760345,  1.58 
-0.12742984,  1.58 
-0.12725623,  1.58 
-0.12708262,  1.58 
-0.12690901,  1.58 
-0.12673540,  1.58 
-0.12656179,  1.59 
-0.12638818,  1.58 
-0.12621457,  1.57 
-0.12604096,  1.57 
-0.12586735,  1.58 
-0.12569374,  1.57 
-0.12552013,  1.57 
-0.12534652,  1.57 
-0.12517291,  1.57 
-0.12499930,  1.57 
-0.12482569,  1.57 
-0.12465208,  1.57 
-0.12447847,  1.58 
-0.12430486,  1.57 
-0.12413125,  1.57 
-0.12395764,  1.56 
-0.12378403,  1.56 
-0.12361042,  1.56 
-0.12343681,  1.56 
-0.12326320,  1.56 
-0.12308959,  1.57 
-0.12291598,  1.56 
-0.12274237,  1.57 
-0.12256876,  1.56 
-0.12239515,  1.57 
-0.12222154,  1.57 
-0.12204793,  1.55 
-0.12187432,  1.56 
-0.12170071,  1.56 
-0.12152710,  1.55 
-0.12135349,  1.56 
-0.12117988,  1.56 
-0.12100627,  1.55 
-0.12083266,  1.56 
-0.12065905,  1.55 
-0.12048544,  1.55 
-0.12031183,  1.55 
-0.12013822,  1.55 
-0.11996461,  1.55 
-0.11979100,  1.55 
-0.11961739,  1.55 
-0.11944378,  1.53 
-0.11927017,  1.55 
-0.11909656,  1.55 
-0.11892295,  1.55 
-0.11874934,  1.54 
-0.11857573,  1.54 
-0.11840212,  1.54 
-0.11822851,  1.54 
-0.11805490,  1.54 
-0.11788129,  1.54 
-0.11770768,  1.54 
-0.11753407,  1.53 
-0.11736046,  1.53 
-0.11718685,  1.54 
-0.11701324,  1.52 
-0.11683963,  1.53 
-0.11666602,  1.53 
-0.11649241,  1.53 
-0.11631880,  1.53 
-0.11614519,  1.53 
-0.11597158,  1.53 
-0.11579797,  1.53 
-0.11562436,  1.53 
-0.11545075,  1.52 
-0.11527714,  1.52 
-0.11510353,  1.52 
-0.11492992,  1.53 
-0.11475631,  1.52 
-0.11458270,  1.53 
-0.11440909,  1.52 
-0.11423548,  1.51 
-0.11406187,  1.51 
-0.11388826,  1.51 
-0.11371465,  1.51 
-0.11354104,  1.51 
-0.11336743,  1.50 
-0.11319382,  1.51 
-0.11302021,  1.50 
-0.11284660,  1.51 
-0.11267299,  1.50 
-0.11249938,  1.50 
-0.11232577,  1.50 
-0.11215216,  1.50 
-0.11197855,  1.50 
-0.11180494,  1.50 
-0.11163133,  1.49 
-0.11145772,  1.50 
-0.11128411,  1.50 
-0.11111050,  1.50 
-0.11093689,  1.49 
-0.11076328,  1.48 
-0.11058967,  1.49 
-0.11041606,  1.49 
-0.11024245,  1.49 
-0.11006884,  1.48 
-0.10989523,  1.49 
-0.10972162,  1.48 
-0.10954801,  1.48 
-0.10937440,  1.48 
-0.10920079,  1.48 
-0.10902718,  1.48 
-0.10885357,  1.47 
-0.10867996,  1.48 
-0.10850635,  1.47 
-0.10833274,  1.48 
-0.10815913,  1.47 
-0.10798552,  1.46 
-0.10781191,  1.47 
-0.10763830,  1.46 
-0.10746469,  1.48 
-0.10729108,  1.47 
-0.10711747,  1.46 
-0.10694386,  1.47 
-0.10677025,  1.46 
-0.10659664,  1.46 
-0.10642303,  1.46 
-0.10624942,  1.45 
-0.10607581,  1.45 
-0.10590220,  1.46 
-0.10572859,  1.45 
-0.10555498,  1.45 
-0.10538137,  1.45 
-0.10520776,  1.46 
-0.10503415,  1.45 
-0.10486054,  1.43 
-0.10468693,  1.45 
-0.10451332,  1.44 
-0.10433971,  1.44 
-0.10416610,  1.44 
-0.10399249,  1.44 
-0.10381888,  1.44 
-0.10364527,  1.43 
-0.10347166,  1.42 
-0.10329805,  1.43 
-0.10312444,  1.43 
-0.10295083,  1.43 
-0.10277722,  1.42 
-0.10260361,  1.42 
-0.10243000,  1.43 
-0.10225639,  1.42 
-0.10208278,  1.42 
-0.10190917,  1.41 
-0.10173556,  1.42 
-0.10156195,  1.42 
-0.10138834,  1.42 
-0.10121473,  1.41 
-0.10104112,  1.41 
-0.10086751,  1.41 
-0.10069390,  1.40 
-0.10052029,  1.40 
-0.10034668,  1.41 
-0.10017307,  1.41 
-0.09999946,  1.39 
-0.09982585,  1.40 
-0.09965224,  1.40 
-0.09947863,  1.39 
-0.09930502,  1.39 
-0.09913141,  1.39 
-0.09895780,  1.39 
-0.09878419,  1.39 
-0.09861058,  1.39 
-0.09843697,  1.39 
-0.09826336,  1.39 
-0.09808975,  1.37 
-0.09791614,  1.38 
-0.09774253,  1.39 
-0.09756892,  1.37 
-0.09739531,  1.37 
-0.09722170,  1.37 
-0.09704809,  1.37 
-0.09687448,  1.37 
-0.09670087,  1.37 
-0.09652726,  1.37 
-0.09635365,  1.37 
-0.09618004,  1.37 
-0.09600643,  1.36 
-0.09583282,  1.36 
-0.09565921,  1.35 
-0.09548560,  1.35 
-0.09531199,  1.35 
-0.09513838,  1.35 
-0.09496477,  1.36 
-0.09479116,  1.34 
-0.09461755,  1.34 
-0.09444394,  1.34 
-0.09427033,  1.34 
-0.09409672,  1.34 
-0.09392311,  1.34 
-0.09374950,  1.34 
-0.09357589,  1.33 
-0.09340228,  1.33 
-0.09322867,  1.33 
-0.09305506,  1.32 
-0.09288145,  1.33 
-0.09270784,  1.32 
-0.09253423,  1.33 
-0.09236062,  1.33 
-0.09218701,  1.32 
-0.09201340,  1.31 
-0.09183979,  1.30 
-0.09166618,  1.31 
-0.09149257,  1.32 
-0.09131896,  1.30 
-0.09114535,  1.30 
-0.09097174,  1.30 
-0.09079813,  1.30 
-0.09062452,  1.30 
-0.09045091,  1.29 
-0.09027730,  1.30 
-0.09010369,  1.29 
-0.08993008,  1.30 
-0.08975647,  1.29 
-0.08958286,  1.29 
-0.08940925,  1.29 
-0.08923564,  1.28 
-0.08906203,  1.28 
-0.08888842,  1.28 
-0.08871481,  1.28 
-0.08854120,  1.27 
-0.08836759,  1.28 
-0.08819398,  1.27 
-0.08802037,  1.26 
-0.08784676,  1.27 
-0.08767315,  1.25 
-0.08749954,  1.26 
-0.08732593,  1.26 
-0.08715232,  1.25 
-0.08697871,  1.26 
-0.08680510,  1.25 
-0.08663149,  1.25 
-0.08645788,  1.25 
-0.08628427,  1.24 
-0.08611066,  1.24 
-0.08593705,  1.23 
-0.08576344,  1.24 
-0.08558983,  1.25 
-0.08541622,  1.24 
-0.08524261,  1.23 
-0.08506900,  1.23 
-0.08489539,  1.22 
-0.08472178,  1.22 
-0.08454817,  1.22 
-0.08437456,  1.22 
-0.08420095,  1.22 
-0.08402734,  1.22 
-0.08385373,  1.21 
-0.08368012,  1.21 
-0.08350651,  1.21 
-0.08333290,  1.21 
-0.08315929,  1.20 
-0.08298568,  1.20 
-0.08281207,  1.20 
-0.08263846,  1.19 
-0.08246485,  1.20 
-0.08229124,  1.20 
-0.08211763,  1.18 
-0.08194402,  1.18 
-0.08177041,  1.19 
-0.08159680,  1.18 
-0.08142319,  1.19 
-0.08124958,  1.18 
-0.08107597,  1.18 
-0.08090236,  1.18 
-0.08072875,  1.18 
-0.08055514,  1.17 
-0.08038153,  1.16 
-0.08020792,  1.16 
-0.08003431,  1.17 
-0.07986070,  1.15 
-0.07968709,  1.16 
-0.07951348,  1.16 
-0.07933987,  1.14 
-0.07916626,  1.16 
-0.07899265,  1.15 
-0.07881904,  1.15 
-0.07864543,  1.15 
-0.07847182,  1.14 
-0.07829821,  1.14 
-0.07812460,  1.13 
-0.07795099,  1.14 
-0.07777738,  1.13 
-0.07760377,  1.13 
-0.07743016,  1.12 
-0.07725655,  1.12 
-0.07708294,  1.12 
-0.07690933,  1.12 
-0.07673572,  1.11 
-0.07656211,  1.12 
-0.07638850,  1.11 
-0.07621489,  1.12 
-0.07604128,  1.10 
-0.07586767,  1.11 
-0.07569406,  1.10 
-0.07552045,  1.09 
-0.07534684,  1.10 
-0.07517323,  1.09 
-0.07499962,  1.10 
-0.07482601,  1.08 
-0.07465240,  1.08 
-0.07447879,  1.07 
-0.07430518,  1.08 
-0.07413157,  1.07 
-0.07395796,  1.08 
-0.07378435,  1.08 
-0.07361074,  1.07 
-0.07343713,  1.06 
-0.07326352,  1.07 
-0.07308991,  1.06 
-0.07291630,  1.06 
-0.07274269,  1.06 
-0.07256908,  1.06 
-0.07239547,  1.05 
-0.07222186,  1.05 
-0.07204825,  1.04 
-0.07187464,  1.05 
-0.07170103,  1.04 
-0.07152742,  1.03 
-0.07135381,  1.04 
-0.07118020,  1.03 
-0.07100659,  1.04 
-0.07083298,  1.02 
-0.07065937,  1.03 
-0.07048576,  1.02 
-0.07031215,  1.02 
-0.07013854,  1.02 
-0.06996493,  1.01 
-0.06979132,  1.02 
-0.06961771,  1.01 
-0.06944410,  1.00 
-0.06927049,  1.00 
-0.06909688,  1.00 
-0.06892327,  1.00 
-0.06874966,  1.00 
-0.06857605,  0.99 
-0.06840244,  0.99 
-0.06822883,  1.00 
-0.06805522,  0.99 
-0.06788161,  0.98 
-0.06770800,  0.98 
-0.06753439,  0.97 
-0.06736078,  0.98 
-0.06718717,  0.97 
-0.06701356,  0.98 
-0.06683995,  0.96 
-0.06666634,  0.96 
-0.06649273,  0.96 
-0.06631912,  0.95 
-0.06614551,  0.96 
-0.06597190,  0.95 
-0.06579829,  0.94 
-0.06562468,  0.95 
-0.06545107,  0.94 
-0.06527746,  0.95 
-0.06510385,  0.94 
-0.06493024,  0.93 
-0.06475663,  0.93 
-0.06458302,  0.93 
-0.06440941,  0.93 
-0.06423580,  0.92 
-0.06406219,  0.92 
-0.06388858,  0.92 
-0.06371497,  0.91 
-0.06354136,  0.91 
-0.06336775,  0.92 
-0.06319414,  0.91 
-0.06302053,  0.90 
-0.06284692,  0.91 
-0.06267331,  0.90 
-0.06249970,  0.90 
-0.06232609,  0.89 
-0.06215248,  0.88 
-0.06197887,  0.88 
-0.06180526,  0.88 
-0.06163165,  0.88 
-0.06145804,  0.89 
-0.06128443,  0.88 
-0.06111082,  0.88 
-0.06093721,  0.87 
-0.06076360,  0.86 
-0.06058999,  0.86 
-0.06041638,  0.86 
-0.06024277,  0.86 
-0.06006916,  0.86 
-0.05989555,  0.86 
-0.05972194,  0.85 
-0.05954833,  0.84 
-0.05937472,  0.85 
-0.05920111,  0.85 
-0.05902750,  0.83 
-0.05885389,  0.83 
-0.05868028,  0.83 
-0.05850667,  0.81 
-0.05833306,  0.82 
-0.05815945,  0.82 
-0.05798584,  0.82 
-0.05781223,  0.81 
-0.05763862,  0.81 
-0.05746501,  0.81 
-0.05729140,  0.81 
-0.05711779,  0.80 
-0.05694418,  0.80 
-0.05677057,  0.79 
-0.05659696,  0.79 
-0.05642335,  0.79 
-0.05624974,  0.78 
-0.05607613,  0.78 
-0.05590252,  0.78 
-0.05572891,  0.78 
-0.05555530,  0.78 
-0.05538169,  0.77 
-0.05520808,  0.77 
-0.05503447,  0.77 
-0.05486086,  0.76 
-0.05468725,  0.76 
-0.05451364,  0.75 
-0.05434003,  0.75 
-0.05416642,  0.76 
-0.05399281,  0.74 
-0.05381920,  0.74 
-0.05364559,  0.75 
-0.05347198,  0.74 
-0.05329837,  0.74 
-0.05312476,  0.74 
-0.05295115,  0.73 
-0.05277754,  0.72 
-0.05260393,  0.72 
-0.05243032,  0.72 
-0.05225671,  0.71 
-0.05208310,  0.71 
-0.05190949,  0.71 
-0.05173588,  0.71 
-0.05156227,  0.71 
-0.05138866,  0.71 
-0.05121505,  0.70 
-0.05104144,  0.70 
-0.05086783,  0.70 
-0.05069422,  0.68 
-0.05052061,  0.69 
-0.05034700,  0.68 
-0.05017339,  0.67 
-0.04999978,  0.67 
-0.04982617,  0.67 
-0.04965256,  0.67 
-0.04947895,  0.66 
-0.04930534,  0.66 
-0.04913173,  0.67 
-0.04895812,  0.66 
-0.04878451,  0.65 
-0.04861090,  0.65 
-0.04843729,  0.65 
-0.04826368,  0.64 
-0.04809007,  0.64 
-0.04791646,  0.64 
-0.04774285,  0.64 
-0.04756924,  0.63 
-0.04739563,  0.62 
-0.04722202,  0.62 
-0.04704841,  0.62 
-0.04687480,  0.62 
-0.04670119,  0.61 
-0.04652758,  0.62 
-0.04635397,  0.61 
-0.04618036,  0.61 
-0.04600675,  0.60 
-0.04583314,  0.60 
-0.04565953,  0.59 
-0.04548592,  0.59 
-0.04531231,  0.60 
-0.04513870,  0.58 
-0.04496509,  0.59 
-0.04479148,  0.57 
-0.04461787,  0.58 
-0.04444426,  0.58 
-0.04427065,  0.57 
-0.04409704,  0.57 
-0.04392343,  0.56 
-0.04374982,  0.55 
-0.04357621,  0.56 
-0.04340260,  0.56 
-0.04322899,  0.55 
-0.04305538,  0.54 
-0.04288177,  0.55 
-0.04270816,  0.55 
-0.04253455,  0.54 
-0.04236094,  0.53 
-0.04218733,  0.54 
-0.04201372,  0.53 
-0.04184011,  0.52 
-0.04166650,  0.54 
-0.04149289,  0.52 
-0.04131928,  0.51 
-0.04114567,  0.51 
-0.04097206,  0.50 
-0.04079845,  0.51 
-0.04062484,  0.50 
-0.04045123,  0.50 
-0.04027762,  0.49 
-0.04010401,  0.49 
-0.03993040,  0.50 
-0.03975679,  0.49 
-0.03958318,  0.49 
-0.03940957,  0.48 
-0.03923596,  0.48 
-0.03906235,  0.47 
-0.03888874,  0.46 
-0.03871513,  0.46 
-0.03854152,  0.46 
-0.03836791,  0.46 
-0.03819430,  0.46 
-0.03802069,  0.44 
-0.03784708,  0.44 
-0.03767347,  0.45 
-0.03749986,  0.44 
-0.03732625,  0.44 
-0.03715264,  0.43 
-0.03697903,  0.43 
-0.03680542,  0.44 
-0.03663181,  0.43 
-0.03645820,  0.42 
-0.03628459,  0.42 
-0.03611098,  0.41 
-0.03593737,  0.41 
-0.03576376,  0.40 
-0.03559015,  0.40 
-0.03541654,  0.40 
-0.03524293,  0.39 
-0.03506932,  0.40 
-0.03489571,  0.39 
-0.03472210,  0.38 
-0.03454849,  0.38 
-0.03437488,  0.38 
-0.03420127,  0.38 
-0.03402766,  0.37 
-0.03385405,  0.37 
-0.03368044,  0.37 
-0.03350683,  0.36 
-0.03333322,  0.36 
-0.03315961,  0.36 
-0.03298600,  0.35 
-0.03281239,  0.35 
-0.03263878,  0.35 
-0.03246517,  0.33 
-0.03229156,  0.35 
-0.03211795,  0.34 
-0.03194434,  0.33 
-0.03177073,  0.33 
-0.03159712,  0.34 
-0.03142351,  0.33 
-0.03124990,  0.31 
-0.03107629,  0.32 
-0.03090268,  0.32 
-0.03072907,  0.31 
-0.03055546,  0.30 
-0.03038185,  0.29 
-0.03020824,  0.30 
-0.03003463,  0.29 
-0.02986102,  0.29 
-0.02968741,  0.29 
-0.02951380,  0.29 
-0.02934019,  0.28 
-0.02916658,  0.26 
-0.02899297,  0.27 
-0.02881936,  0.27 
-0.02864575,  0.27 
-0.02847214,  0.27 
-0.02829853,  0.26 
-0.02812492,  0.26 
-0.02795131,  0.25 
-0.02777770,  0.25 
-0.02760409,  0.25 
-0.02743048,  0.24 
-0.02725687,  0.24 
-0.02708326,  0.23 
-0.02690965,  0.23 
-0.02673604,  0.22 
-0.02656243,  0.22 
-0.02638882,  0.22 
-0.02621521,  0.21 
-0.02604160,  0.22 
-0.02586799,  0.22 
-0.02569438,  0.20 
-0.02552077,  0.20 
-0.02534716,  0.20 
-0.02517355,  0.21 
-0.02499994,  0.19 
-0.02482633,  0.20 
-0.02465272,  0.19 
-0.02447911,  0.19 
-0.02430550,  0.18 
-0.02413189,  0.18 
-0.02395828,  0.18 
-0.02378467,  0.18 
-0.02361106,  0.17 
-0.02343745,  0.17 
-0.02326384,  0.17 
-0.02309023,  0.16 
-0.02291662,  0.16 
-0.02274301,  0.14 
-0.02256940,  0.15 
-0.02239579,  0.14 
-0.02222218,  0.14 
-0.02204857,  0.13 
-0.02187496,  0.14 
-0.02170135,  0.13 
-0.02152774,  0.13 
-0.02135413,  0.12 
-0.02118052,  0.12 
-0.02100691,  0.12 
-0.02083330,  0.11 
-0.02065969,  0.12 
-0.02048608,  0.10 
-0.02031247,  0.11 
-0.02013886,  0.10 
-0.01996525,  0.10 
-0.01979164,  0.09 
-0.01961803,  0.10 
-0.01944442,  0.09 
-0.01927081,  0.09 
-0.01909720,  0.09 
-0.01892359,  0.07 
-0.01874998,  0.07 
-0.01857637,  0.07 
-0.01840276,  0.06 
-0.01822915,  0.06 
-0.01805554,  0.05 
-0.01788193,  0.06 
-0.01770832,  0.05 
-0.01753471,  0.05 
-0.01736110,  0.04 
-0.01718749,  0.03 
-0.01701388,  0.03 
-0.01684027,  0.03 
-0.01666666,  0.02 
-0.01649305,  0.02 
-0.01631944,  0.03 
-0.01614583,  0.02 
-0.01597222,  0.02 
-0.01579861,  0.00 
-0.01562500,  0.01 
-0.01545139,  0.01 
-0.01527778,  0.00 
-0.01510417, -0.00 
-0.01493056, -0.01 
-0.01475694, -0.02 
-0.01458333, -0.01 
-0.01440972, -0.02 
-0.01423611, -0.02 
-0.01406250, -0.03 
-0.01388889, -0.04 
-0.01371528, -0.03 
-0.01354167, -0.04 
-0.01336806, -0.04 
-0.01319444, -0.05 
-0.01302083, -0.04 
-0.01284722, -0.06 
-0.01267361, -0.06 
-0.01250000, -0.06 
-0.01232639, -0.07 
-0.01215278, -0.06 
-0.01197917, -0.07 
-0.01180556, -0.07 
-0.01163194, -0.08 
-0.01145833, -0.09 
-0.01128472, -0.08 
-0.01111111, -0.09 
-0.01093750, -0.10 
-0.01076389, -0.10 
-0.01059028, -0.11 
-0.01041667, -0.12 
-0.01024306, -0.11 
-0.01006944, -0.12 
-0.00989583, -0.13 
-0.00972222, -0.11 
-0.00954861, -0.13 
-0.00937500, -0.14 
-0.00920139, -0.14 
-0.00902778, -0.15 
-0.00885417, -0.14 
-0.00868056, -0.15 
-0.00850694, -0.16 
-0.00833333, -0.17 
-0.00815972, -0.16 
-0.00798611, -0.18 
-0.00781250, -0.17 
-0.00763889, -0.18 
-0.00746528, -0.19 
-0.00729167, -0.20 
-0.00711806, -0.21 
-0.00694444, -0.21 
-0.00677083, -0.21 
-0.00659722, -0.22 
-0.00642361, -0.22 
-0.00625000, -0.23 
-0.00607639, -0.24 
-0.00590278, -0.23 
-0.00572917, -0.24 
-0.00555556, -0.25 
-0.00538194, -0.25 
-0.00520833, -0.27 
-0.00503472, -0.27 
-0.00486111, -0.27 
-0.00468750, -0.28 
-0.00451389, -0.28 
-0.00434028, -0.29 
-0.00416667, -0.30 
-0.00399306, -0.31 
-0.00381944, -0.33 
-0.00364583, -0.34 
-0.00347222, -0.34 
-0.00329861, -0.35 
-0.00312500, -0.36 
-0.00295139, -0.36 
-0.00277778, -0.37 
-0.00260417, -0.39 
-0.00243056, -0.40 
-0.00225694, -0.42 
-0.00208333, -0.43 
-0.00190972, -0.44 
-0.00173611, -0.45 
-0.00156250, -0.47 
-0.00138889, -0.48 
-0.00121528, -0.49 
-0.00104167, -0.49 
-0.00086806, -0.52 
-0.00069444, -0.54 
-0.00052083, -0.56 
-0.00034722, -0.58 
-0.00017361, -0.60 
0.00000000, -0.62 
0.00017361, -0.61 
0.00034722, -0.59 
0.00052083, -0.58 
0.00069444, -0.57 
0.00086806, -0.56 
0.00104167, -0.54 
0.00121528, -0.55 
0.00138889, -0.53 
0.00156250, -0.53 
0.00173611, -0.51 
0.00190972, -0.51 
0.00208333, -0.50 
0.00225694, -0.49 
0.00243056, -0.50 
0.00260417, -0.49 
0.00277778, -0.49 
0.00295139, -0.48 
0.00312500, -0.49 
0.00329861, -0.48 
0.00347222, -0.48 
0.00364583, -0.48 
0.00381944, -0.48 
0.00399306, -0.47 
0.00416667, -0.48 
0.00434028, -0.47 
0.00451389, -0.47 
0.00468750, -0.46 
0.00486111, -0.46 
0.00503472, -0.47 
0.00520833, -0.48 
0.00538194, -0.46 
0.00555556, -0.46 
0.00572917, -0.47 
0.00590278, -0.47 
0.00607639, -0.47 
0.00625000, -0.47 
0.00642361, -0.48 
0.00659722, -0.47 
0.00677083, -0.48 
0.00694444, -0.48 
0.00711806, -0.48 
0.00729167, -0.48 
0.00746528, -0.47 
0.00763889, -0.48 
0.00781250, -0.48 
0.00798611, -0.49 
0.00815972, -0.50 
0.00833333, -0.49 
0.00850694, -0.49 
0.00868056, -0.50 
0.00885417, -0.50 
0.00902778, -0.49 
0.00920139, -0.50 
0.00937500, -0.50 
0.00954861, -0.50 
0.00972222, -0.51 
0.00989583, -0.52 
0.01006944, -0.52 
0.01024306, -0.52 
0.01041667, -0.52 
0.01059028, -0.53 
0.01076389, -0.52 
0.01093750, -0.52 
0.01111111, -0.53 
0.01128472, -0.53 
0.01145833, -0.53 
0.01163194, -0.53 
0.01180556, -0.55 
0.01197917, -0.55 
0.01215278, -0.54 
0.01232639, -0.55 
0.01250000, -0.55 
0.01267361, -0.56 
0.01284722, -0.56 
0.01302083, -0.57 
0.01319444, -0.57 
0.01336806, -0.57 
0.01354167, -0.58 
0.01371528, -0.57 
0.01388889, -0.59 
0.01406250, -0.59 
0.01423611, -0.60 
0.01440972, -0.60 
0.01458333, -0.59 
0.01475694, -0.59 
0.01493056, -0.60 
